Integer, Steps, Result
0,0,0
1,0,1
2,0,2
3,0,3
4,0,4
5,0,5
6,0,6
7,0,7
8,0,8
9,0,9
10,1,9
11,0,11
12,1,9
13,5,9
14,3,9
15,4,9
16,2,9
17,2,9
18,4,9
19,3,9
20,5,9
21,1,9
22,0,22
23,1,9
24,5,9
25,3,9
26,4,9
27,2,9
28,2,9
29,4,9
30,3,9
31,5,9
32,1,9
33,0,33
34,1,9
35,5,9
36,3,9
37,4,9
38,2,9
39,2,9
40,4,9
41,3,9
42,5,9
43,1,9
44,0,44
45,1,9
46,5,9
47,3,9
48,4,9
49,2,9
50,2,9
51,4,9
52,3,9
53,5,9
54,1,9
55,0,55
56,1,9
57,5,9
58,3,9
59,4,9
60,2,9
61,2,9
62,4,9
63,3,9
64,5,9
65,1,9
66,0,66
67,1,9
68,5,9
69,3,9
70,4,9
71,2,9
72,2,9
73,4,9
74,3,9
75,5,9
76,1,9
77,0,77
78,1,9
79,5,9
80,3,9
81,4,9
82,2,9
83,2,9
84,4,9
85,3,9
86,5,9
87,1,9
88,0,88
89,1,9
90,5,9
91,3,9
92,4,9
93,2,9
94,2,9
95,4,9
96,3,9
97,5,9
98,1,9
99,0,99
100,1,99
101,0,101
102,1,99
103,5,99
104,3,99
105,4,99
106,2,99
107,2,99
108,4,99
109,3,99
110,1,99
111,0,111
112,1,99
113,5,99
114,3,99
115,4,99
116,2,99
117,2,99
118,4,99
119,3,99
120,1,99
121,0,121
122,1,99
123,5,99
124,3,99
125,4,99
126,2,99
127,2,99
128,4,99
129,3,99
130,1,99
131,0,131
132,1,99
133,5,99
134,3,99
135,4,99
136,2,99
137,2,99
138,4,99
139,3,99
140,1,99
141,0,141
142,1,99
143,5,99
144,3,99
145,4,99
146,2,99
147,2,99
148,4,99
149,3,99
150,1,99
151,0,151
152,1,99
153,5,99
154,3,99
155,4,99
156,2,99
157,2,99
158,4,99
159,3,99
160,1,99
161,0,161
162,1,99
163,5,99
164,3,99
165,4,99
166,2,99
167,2,99
168,4,99
169,3,99
170,1,99
171,0,171
172,1,99
173,5,99
174,3,99
175,4,99
176,2,99
177,2,99
178,4,99
179,3,99
180,1,99
181,0,181
182,1,99
183,5,99
184,3,99
185,4,99
186,2,99
187,2,99
188,4,99
189,3,99
190,1,99
191,0,191
192,1,99
193,5,99
194,3,99
195,4,99
196,2,99
197,2,99
198,4,99
199,3,99
200,5,99
201,1,99
202,0,202
203,1,99
204,5,99
205,3,99
206,4,99
207,2,99
208,2,99
209,4,99
210,5,99
211,1,99
212,0,212
213,1,99
214,5,99
215,3,99
216,4,99
217,2,99
218,2,99
219,4,99
220,5,99
221,1,99
222,0,222
223,1,99
224,5,99
225,3,99
226,4,99
227,2,99
228,2,99
229,4,99
230,5,99
231,1,99
232,0,232
233,1,99
234,5,99
235,3,99
236,4,99
237,2,99
238,2,99
239,4,99
240,5,99
241,1,99
242,0,242
243,1,99
244,5,99
245,3,99
246,4,99
247,2,99
248,2,99
249,4,99
250,5,99
251,1,99
252,0,252
253,1,99
254,5,99
255,3,99
256,4,99
257,2,99
258,2,99
259,4,99
260,5,99
261,1,99
262,0,262
263,1,99
264,5,99
265,3,99
266,4,99
267,2,99
268,2,99
269,4,99
270,5,99
271,1,99
272,0,272
273,1,99
274,5,99
275,3,99
276,4,99
277,2,99
278,2,99
279,4,99
280,5,99
281,1,99
282,0,282
283,1,99
284,5,99
285,3,99
286,4,99
287,2,99
288,2,99
289,4,99
290,5,99
291,1,99
292,0,292
293,1,99
294,5,99
295,3,99
296,4,99
297,2,99
298,2,99
299,4,99
300,3,99
301,5,99
302,1,99
303,0,303
304,1,99
305,5,99
306,3,99
307,4,99
308,2,99
309,2,99
310,3,99
311,5,99
312,1,99
313,0,313
314,1,99
315,5,99
316,3,99
317,4,99
318,2,99
319,2,99
320,3,99
321,5,99
322,1,99
323,0,323
324,1,99
325,5,99
326,3,99
327,4,99
328,2,99
329,2,99
330,3,99
331,5,99
332,1,99
333,0,333
334,1,99
335,5,99
336,3,99
337,4,99
338,2,99
339,2,99
340,3,99
341,5,99
342,1,99
343,0,343
344,1,99
345,5,99
346,3,99
347,4,99
348,2,99
349,2,99
350,3,99
351,5,99
352,1,99
353,0,353
354,1,99
355,5,99
356,3,99
357,4,99
358,2,99
359,2,99
360,3,99
361,5,99
362,1,99
363,0,363
364,1,99
365,5,99
366,3,99
367,4,99
368,2,99
369,2,99
370,3,99
371,5,99
372,1,99
373,0,373
374,1,99
375,5,99
376,3,99
377,4,99
378,2,99
379,2,99
380,3,99
381,5,99
382,1,99
383,0,383
384,1,99
385,5,99
386,3,99
387,4,99
388,2,99
389,2,99
390,3,99
391,5,99
392,1,99
393,0,393
394,1,99
395,5,99
396,3,99
397,4,99
398,2,99
399,2,99
400,4,99
401,3,99
402,5,99
403,1,99
404,0,404
405,1,99
406,5,99
407,3,99
408,4,99
409,2,99
410,4,99
411,3,99
412,5,99
413,1,99
414,0,414
415,1,99
416,5,99
417,3,99
418,4,99
419,2,99
420,4,99
421,3,99
422,5,99
423,1,99
424,0,424
425,1,99
426,5,99
427,3,99
428,4,99
429,2,99
430,4,99
431,3,99
432,5,99
433,1,99
434,0,434
435,1,99
436,5,99
437,3,99
438,4,99
439,2,99
440,4,99
441,3,99
442,5,99
443,1,99
444,0,444
445,1,99
446,5,99
447,3,99
448,4,99
449,2,99
450,4,99
451,3,99
452,5,99
453,1,99
454,0,454
455,1,99
456,5,99
457,3,99
458,4,99
459,2,99
460,4,99
461,3,99
462,5,99
463,1,99
464,0,464
465,1,99
466,5,99
467,3,99
468,4,99
469,2,99
470,4,99
471,3,99
472,5,99
473,1,99
474,0,474
475,1,99
476,5,99
477,3,99
478,4,99
479,2,99
480,4,99
481,3,99
482,5,99
483,1,99
484,0,484
485,1,99
486,5,99
487,3,99
488,4,99
489,2,99
490,4,99
491,3,99
492,5,99
493,1,99
494,0,494
495,1,99
496,5,99
497,3,99
498,4,99
499,2,99
500,2,99
501,4,99
502,3,99
503,5,99
504,1,99
505,0,505
506,1,99
507,5,99
508,3,99
509,4,99
510,2,99
511,4,99
512,3,99
513,5,99
514,1,99
515,0,515
516,1,99
517,5,99
518,3,99
519,4,99
520,2,99
521,4,99
522,3,99
523,5,99
524,1,99
525,0,525
526,1,99
527,5,99
528,3,99
529,4,99
530,2,99
531,4,99
532,3,99
533,5,99
534,1,99
535,0,535
536,1,99
537,5,99
538,3,99
539,4,99
540,2,99
541,4,99
542,3,99
543,5,99
544,1,99
545,0,545
546,1,99
547,5,99
548,3,99
549,4,99
550,2,99
551,4,99
552,3,99
553,5,99
554,1,99
555,0,555
556,1,99
557,5,99
558,3,99
559,4,99
560,2,99
561,4,99
562,3,99
563,5,99
564,1,99
565,0,565
566,1,99
567,5,99
568,3,99
569,4,99
570,2,99
571,4,99
572,3,99
573,5,99
574,1,99
575,0,575
576,1,99
577,5,99
578,3,99
579,4,99
580,2,99
581,4,99
582,3,99
583,5,99
584,1,99
585,0,585
586,1,99
587,5,99
588,3,99
589,4,99
590,2,99
591,4,99
592,3,99
593,5,99
594,1,99
595,0,595
596,1,99
597,5,99
598,3,99
599,4,99
600,2,99
601,2,99
602,4,99
603,3,99
604,5,99
605,1,99
606,0,606
607,1,99
608,5,99
609,3,99
610,2,99
611,2,99
612,4,99
613,3,99
614,5,99
615,1,99
616,0,616
617,1,99
618,5,99
619,3,99
620,2,99
621,2,99
622,4,99
623,3,99
624,5,99
625,1,99
626,0,626
627,1,99
628,5,99
629,3,99
630,2,99
631,2,99
632,4,99
633,3,99
634,5,99
635,1,99
636,0,636
637,1,99
638,5,99
639,3,99
640,2,99
641,2,99
642,4,99
643,3,99
644,5,99
645,1,99
646,0,646
647,1,99
648,5,99
649,3,99
650,2,99
651,2,99
652,4,99
653,3,99
654,5,99
655,1,99
656,0,656
657,1,99
658,5,99
659,3,99
660,2,99
661,2,99
662,4,99
663,3,99
664,5,99
665,1,99
666,0,666
667,1,99
668,5,99
669,3,99
670,2,99
671,2,99
672,4,99
673,3,99
674,5,99
675,1,99
676,0,676
677,1,99
678,5,99
679,3,99
680,2,99
681,2,99
682,4,99
683,3,99
684,5,99
685,1,99
686,0,686
687,1,99
688,5,99
689,3,99
690,2,99
691,2,99
692,4,99
693,3,99
694,5,99
695,1,99
696,0,696
697,1,99
698,5,99
699,3,99
700,4,99
701,2,99
702,2,99
703,4,99
704,3,99
705,5,99
706,1,99
707,0,707
708,1,99
709,5,99
710,4,99
711,2,99
712,2,99
713,4,99
714,3,99
715,5,99
716,1,99
717,0,717
718,1,99
719,5,99
720,4,99
721,2,99
722,2,99
723,4,99
724,3,99
725,5,99
726,1,99
727,0,727
728,1,99
729,5,99
730,4,99
731,2,99
732,2,99
733,4,99
734,3,99
735,5,99
736,1,99
737,0,737
738,1,99
739,5,99
740,4,99
741,2,99
742,2,99
743,4,99
744,3,99
745,5,99
746,1,99
747,0,747
748,1,99
749,5,99
750,4,99
751,2,99
752,2,99
753,4,99
754,3,99
755,5,99
756,1,99
757,0,757
758,1,99
759,5,99
760,4,99
761,2,99
762,2,99
763,4,99
764,3,99
765,5,99
766,1,99
767,0,767
768,1,99
769,5,99
770,4,99
771,2,99
772,2,99
773,4,99
774,3,99
775,5,99
776,1,99
777,0,777
778,1,99
779,5,99
780,4,99
781,2,99
782,2,99
783,4,99
784,3,99
785,5,99
786,1,99
787,0,787
788,1,99
789,5,99
790,4,99
791,2,99
792,2,99
793,4,99
794,3,99
795,5,99
796,1,99
797,0,797
798,1,99
799,5,99
800,3,99
801,4,99
802,2,99
803,2,99
804,4,99
805,3,99
806,5,99
807,1,99
808,0,808
809,1,99
810,3,99
811,4,99
812,2,99
813,2,99
814,4,99
815,3,99
816,5,99
817,1,99
818,0,818
819,1,99
820,3,99
821,4,99
822,2,99
823,2,99
824,4,99
825,3,99
826,5,99
827,1,99
828,0,828
829,1,99
830,3,99
831,4,99
832,2,99
833,2,99
834,4,99
835,3,99
836,5,99
837,1,99
838,0,838
839,1,99
840,3,99
841,4,99
842,2,99
843,2,99
844,4,99
845,3,99
846,5,99
847,1,99
848,0,848
849,1,99
850,3,99
851,4,99
852,2,99
853,2,99
854,4,99
855,3,99
856,5,99
857,1,99
858,0,858
859,1,99
860,3,99
861,4,99
862,2,99
863,2,99
864,4,99
865,3,99
866,5,99
867,1,99
868,0,868
869,1,99
870,3,99
871,4,99
872,2,99
873,2,99
874,4,99
875,3,99
876,5,99
877,1,99
878,0,878
879,1,99
880,3,99
881,4,99
882,2,99
883,2,99
884,4,99
885,3,99
886,5,99
887,1,99
888,0,888
889,1,99
890,3,99
891,4,99
892,2,99
893,2,99
894,4,99
895,3,99
896,5,99
897,1,99
898,0,898
899,1,99
900,5,99
901,3,99
902,4,99
903,2,99
904,2,99
905,4,99
906,3,99
907,5,99
908,1,99
909,0,909
910,5,99
911,3,99
912,4,99
913,2,99
914,2,99
915,4,99
916,3,99
917,5,99
918,1,99
919,0,919
920,5,99
921,3,99
922,4,99
923,2,99
924,2,99
925,4,99
926,3,99
927,5,99
928,1,99
929,0,929
930,5,99
931,3,99
932,4,99
933,2,99
934,2,99
935,4,99
936,3,99
937,5,99
938,1,99
939,0,939
940,5,99
941,3,99
942,4,99
943,2,99
944,2,99
945,4,99
946,3,99
947,5,99
948,1,99
949,0,949
950,5,99
951,3,99
952,4,99
953,2,99
954,2,99
955,4,99
956,3,99
957,5,99
958,1,99
959,0,959
960,5,99
961,3,99
962,4,99
963,2,99
964,2,99
965,4,99
966,3,99
967,5,99
968,1,99
969,0,969
970,5,99
971,3,99
972,4,99
973,2,99
974,2,99
975,4,99
976,3,99
977,5,99
978,1,99
979,0,979
980,5,99
981,3,99
982,4,99
983,2,99
984,2,99
985,4,99
986,3,99
987,5,99
988,1,99
989,0,989
990,5,99
991,3,99
992,4,99
993,2,99
994,2,99
995,4,99
996,3,99
997,5,99
998,1,99
999,0,999
1000,1,999
1001,0,1001
1002,1,999
1003,5,999
1004,3,999
1005,4,999
1006,2,999
1007,2,999
1008,4,999
1009,3,999
1010,1,909
1011,6,9
1013,11,99
1014,10,999
1015,4,909
1016,6,99
1017,7,999
1018,7,999
1019,7,99
1020,2,99
1021,2,99
1022,11,999
1024,7,909
1025,10,99
1026,4,99
1027,9,999
1028,12,999
1029,3,909
1030,6,99
1031,6,99
1032,10,99
1033,7,909
1035,11,999
1036,5,99
1037,8,999
1038,5,909
1039,12,99
1040,4,99
1041,4,99
1042,4,909
1043,10,999
1044,11,99
1046,3,99
1047,6,909
1048,8,99
1049,9,99
1050,5,99
1051,5,99
1052,4,999
1053,3,999
1054,5,999
1055,6,999
1056,1,5445
1057,6,999
1058,5,999
1059,3,999
1060,3,99
1061,3,99
1062,7,99
1063,9,99
1064,8,99
1065,6,909
1066,3,99
1068,11,99
1069,10,999
1070,3,99
1071,3,99
1072,7,99
1073,12,99
1074,5,909
1075,8,999
1076,5,99
1077,11,999
1079,7,909
1080,5,99
1081,5,99
1082,7,99
1083,3,909
1084,12,999
1085,9,999
1086,4,99
1087,10,99
1088,7,909
1090,4,99
1091,4,99
1092,4,909
1093,7,99
1094,7,999
1095,7,999
1096,6,99
1097,4,909
1098,10,999
1099,11,99
1101,6,9
1102,1,909
1103,8,99
1104,9,99
1105,7,99
1106,5,99
1107,5,909
1108,8,999
1109,7,99
1110,1,999
1111,0,1111
1112,1,999
1113,5,999
1114,3,999
1115,4,999
1116,2,999
1117,2,999
1118,4,999
1119,3,999
1120,1,909
1121,6,9
1123,11,99
1124,10,999
1125,4,909
1126,6,99
1127,7,999
1128,7,999
1129,7,99
1130,2,99
1131,2,99
1132,11,999
1134,7,909
1135,10,99
1136,4,99
1137,9,999
1138,12,999
1139,3,909
1140,6,99
1141,6,99
1142,10,99
1143,7,909
1145,11,999
1146,5,99
1147,8,999
1148,5,909
1149,12,99
1150,4,99
1151,4,99
1152,4,909
1153,10,999
1154,11,99
1156,3,99
1157,6,909
1158,8,99
1159,9,99
1160,5,99
1161,5,99
1162,4,999
1163,3,999
1164,5,999
1165,6,999
1166,1,5445
1167,6,999
1168,5,999
1169,3,999
1170,3,99
1171,3,99
1172,7,99
1173,9,99
1174,8,99
1175,6,909
1176,3,99
1178,11,99
1179,10,999
1180,3,99
1181,3,99
1182,7,99
1183,12,99
1184,5,909
1185,8,999
1186,5,99
1187,11,999
1189,7,909
1190,5,99
1191,5,99
1192,7,99
1193,3,909
1194,12,999
1195,9,999
1196,4,99
1197,10,99
1198,7,909
1200,11,999
1201,2,99
1202,2,99
1203,5,909
1204,12,99
1205,7,99
1206,4,99
1207,8,99
1208,6,909
1209,6,99
1211,6,9
1212,1,909
1213,8,99
1214,9,99
1215,7,99
1216,5,99
1217,5,909
1218,8,999
1219,7,99
1220,1,999
1221,0,1221
1222,1,999
1223,5,999
1224,3,999
1225,4,999
1226,2,999
1227,2,999
1228,4,999
1229,3,999
1230,1,909
1231,6,9
1233,11,99
1234,10,999
1235,4,909
1236,6,99
1237,7,999
1238,7,999
1239,7,99
1240,2,99
1241,2,99
1242,11,999
1244,7,909
1245,10,99
1246,4,99
1247,9,999
1248,12,999
1249,3,909
1250,6,99
1251,6,99
1252,10,99
1253,7,909
1255,11,999
1256,5,99
1257,8,999
1258,5,909
1259,12,99
1260,4,99
1261,4,99
1262,4,909
1263,10,999
1264,11,99
1266,3,99
1267,6,909
1268,8,99
1269,9,99
1270,5,99
1271,5,99
1272,4,999
1273,3,999
1274,5,999
1275,6,999
1276,1,5445
1277,6,999
1278,5,999
1279,3,999
1280,3,99
1281,3,99
1282,7,99
1283,9,99
1284,8,99
1285,6,909
1286,3,99
1288,11,99
1289,10,999
1290,3,99
1291,3,99
1292,7,99
1293,12,99
1294,5,909
1295,8,999
1296,5,99
1297,11,999
1299,7,909
1300,10,99
1301,6,99
1302,6,99
1303,12,999
1304,3,909
1305,7,99
1306,6,99
1307,5,999
1308,6,999
1309,2,5445
1310,11,999
1311,2,99
1312,2,99
1313,5,909
1314,12,99
1315,7,99
1316,4,99
1317,8,99
1318,6,909
1319,6,99
1321,6,9
1322,1,909
1323,8,99
1324,9,99
1325,7,99
1326,5,99
1327,5,909
1328,8,999
1329,7,99
1330,1,999
1331,0,1331
1332,1,999
1333,5,999
1334,3,999
1335,4,999
1336,2,999
1337,2,999
1338,4,999
1339,3,999
1340,1,909
1341,6,9
1343,11,99
1344,10,999
1345,4,909
1346,6,99
1347,7,999
1348,7,999
1349,7,99
1350,2,99
1351,2,99
1352,11,999
1354,7,909
1355,10,99
1356,4,99
1357,9,999
1358,12,999
1359,3,909
1360,6,99
1361,6,99
1362,10,99
1363,7,909
1365,11,999
1366,5,99
1367,8,999
1368,5,909
1369,12,99
1370,4,99
1371,4,99
1372,4,909
1373,10,999
1374,11,99
1376,3,99
1377,6,909
1378,8,99
1379,9,99
1380,5,99
1381,5,99
1382,4,999
1383,3,999
1384,5,999
1385,6,999
1386,1,5445
1387,6,999
1388,5,999
1389,3,999
1390,3,99
1391,3,99
1392,7,99
1393,9,99
1394,8,99
1395,6,909
1396,3,99
1398,11,99
1399,10,999
1400,4,909
1401,4,99
1402,4,99
1403,7,999
1404,7,99
1405,4,909
1406,7,99
1407,11,99
1409,6,99
1410,10,99
1411,6,99
1412,6,99
1413,12,999
1414,3,909
1415,7,99
1416,6,99
1417,5,999
1418,6,999
1419,2,5445
1420,11,999
1421,2,99
1422,2,99
1423,5,909
1424,12,99
1425,7,99
1426,4,99
1427,8,99
1428,6,909
1429,6,99
1431,6,9
1432,1,909
1433,8,99
1434,9,99
1435,7,99
1436,5,99
1437,5,909
1438,8,999
1439,7,99
1440,1,999
1441,0,1441
1442,1,999
1443,5,999
1444,3,999
1445,4,999
1446,2,999
1447,2,999
1448,4,999
1449,3,999
1450,1,909
1451,6,9
1453,11,99
1454,10,999
1455,4,909
1456,6,99
1457,7,999
1458,7,999
1459,7,99
1460,2,99
1461,2,99
1462,11,999
1464,7,909
1465,10,99
1466,4,99
1467,9,999
1468,12,999
1469,3,909
1470,6,99
1471,6,99
1472,10,99
1473,7,909
1475,11,999
1476,5,99
1477,8,999
1478,5,909
1479,12,99
1480,4,99
1481,4,99
1482,4,909
1483,10,999
1484,11,99
1486,3,99
1487,6,909
1488,8,99
1489,9,99
1490,5,99
1491,5,99
1492,4,999
1493,3,999
1494,5,999
1495,6,999
1496,1,5445
1497,6,999
1498,5,999
1499,3,999
1500,4,999
1501,5,99
1502,5,99
1503,9,999
1504,6,99
1505,10,99
1506,2,909
1508,11,999
1509,7,99
1510,4,909
1511,4,99
1512,4,99
1513,7,999
1514,7,99
1515,4,909
1516,7,99
1517,11,99
1519,6,99
1520,10,99
1521,6,99
1522,6,99
1523,12,999
1524,3,909
1525,7,99
1526,6,99
1527,5,999
1528,6,999
1529,2,5445
1530,11,999
1531,2,99
1532,2,99
1533,5,909
1534,12,99
1535,7,99
1536,4,99
1537,8,99
1538,6,909
1539,6,99
1541,6,9
1542,1,909
1543,8,99
1544,9,99
1545,7,99
1546,5,99
1547,5,909
1548,8,999
1549,7,99
1550,1,999
1551,0,1551
1552,1,999
1553,5,999
1554,3,999
1555,4,999
1556,2,999
1557,2,999
1558,4,999
1559,3,999
1560,1,909
1561,6,9
1563,11,99
1564,10,999
1565,4,909
1566,6,99
1567,7,999
1568,7,999
1569,7,99
1570,2,99
1571,2,99
1572,11,999
1574,7,909
1575,10,99
1576,4,99
1577,9,999
1578,12,999
1579,3,909
1580,6,99
1581,6,99
1582,10,99
1583,7,909
1585,11,999
1586,5,99
1587,8,999
1588,5,909
1589,12,99
1590,4,99
1591,4,99
1592,4,909
1593,10,999
1594,11,99
1596,3,99
1597,6,909
1598,8,99
1599,9,99
1600,7,99
1601,3,99
1602,3,99
1603,8,999
1604,7,99
1605,11,999
1607,2,909
1608,10,99
1609,6,99
1610,4,999
1611,5,99
1612,5,99
1613,9,999
1614,6,99
1615,10,99
1616,2,909
1618,11,999
1619,7,99
1620,4,909
1621,4,99
1622,4,99
1623,7,999
1624,7,99
1625,4,909
1626,7,99
1627,11,99
1629,6,99
1630,10,99
1631,6,99
1632,6,99
1633,12,999
1634,3,909
1635,7,99
1636,6,99
1637,5,999
1638,6,999
1639,2,5445
1640,11,999
1641,2,99
1642,2,99
1643,5,909
1644,12,99
1645,7,99
1646,4,99
1647,8,99
1648,6,909
1649,6,99
1651,6,9
1652,1,909
1653,8,99
1654,9,99
1655,7,99
1656,5,99
1657,5,909
1658,8,999
1659,7,99
1660,1,999
1661,0,1661
1662,1,999
1663,5,999
1664,3,999
1665,4,999
1666,2,999
1667,2,999
1668,4,999
1669,3,999
1670,1,909
1671,6,9
1673,11,99
1674,10,999
1675,4,909
1676,6,99
1677,7,999
1678,7,999
1679,7,99
1680,2,99
1681,2,99
1682,11,999
1684,7,909
1685,10,99
1686,4,99
1687,9,999
1688,12,999
1689,3,909
1690,6,99
1691,6,99
1692,10,99
1693,7,909
1695,11,999
1696,5,99
1697,8,999
1698,5,909
1699,12,99
1700,7,99
1701,3,99
1702,3,99
1703,6,909
1704,6,99
1706,11,99
1707,7,99
1708,4,909
1709,7,99
1710,7,99
1711,3,99
1712,3,99
1713,8,999
1714,7,99
1715,11,999
1717,2,909
1718,10,99
1719,6,99
1720,4,999
1721,5,99
1722,5,99
1723,9,999
1724,6,99
1725,10,99
1726,2,909
1728,11,999
1729,7,99
1730,4,909
1731,4,99
1732,4,99
1733,7,999
1734,7,99
1735,4,909
1736,7,99
1737,11,99
1739,6,99
1740,10,99
1741,6,99
1742,6,99
1743,12,999
1744,3,909
1745,7,99
1746,6,99
1747,5,999
1748,6,999
1749,2,5445
1750,11,999
1751,2,99
1752,2,99
1753,5,909
1754,12,99
1755,7,99
1756,4,99
1757,8,99
1758,6,909
1759,6,99
1761,6,9
1762,1,909
1763,8,99
1764,9,99
1765,7,99
1766,5,99
1767,5,909
1768,8,999
1769,7,99
1770,1,999
1771,0,1771
1772,1,999
1773,5,999
1774,3,999
1775,4,999
1776,2,999
1777,2,999
1778,4,999
1779,3,999
1780,1,909
1781,6,9
1783,11,99
1784,10,999
1785,4,909
1786,6,99
1787,7,999
1788,7,999
1789,7,99
1790,2,99
1791,2,99
1792,11,999
1794,7,909
1795,10,99
1796,4,99
1797,9,999
1798,12,999
1799,3,909
1800,7,99
1801,5,99
1802,5,99
1803,6,999
1804,2,5445
1805,6,999
1806,5,999
1807,6,99
1808,7,99
1809,3,909
1810,7,99
1811,3,99
1812,3,99
1813,6,909
1814,6,99
1816,11,99
1817,7,99
1818,4,909
1819,7,99
1820,7,99
1821,3,99
1822,3,99
1823,8,999
1824,7,99
1825,11,999
1827,2,909
1828,10,99
1829,6,99
1830,4,999
1831,5,99
1832,5,99
1833,9,999
1834,6,99
1835,10,99
1836,2,909
1838,11,999
1839,7,99
1840,4,909
1841,4,99
1842,4,99
1843,7,999
1844,7,99
1845,4,909
1846,7,99
1847,11,99
1849,6,99
1850,10,99
1851,6,99
1852,6,99
1853,12,999
1854,3,909
1855,7,99
1856,6,99
1857,5,999
1858,6,999
1859,2,5445
1860,11,999
1861,2,99
1862,2,99
1863,5,909
1864,12,99
1865,7,99
1866,4,99
1867,8,99
1868,6,909
1869,6,99
1871,6,9
1872,1,909
1873,8,99
1874,9,99
1875,7,99
1876,5,99
1877,5,909
1878,8,999
1879,7,99
1880,1,999
1881,0,1881
1882,1,999
1883,5,999
1884,3,999
1885,4,999
1886,2,999
1887,2,999
1888,4,999
1889,3,999
1890,1,909
1891,6,9
1893,11,99
1894,10,999
1895,4,909
1896,6,99
1897,7,999
1898,7,999
1899,7,99
1900,4,909
1901,4,99
1902,4,99
1904,6,99
1905,6,909
1906,8,99
1907,4,99
1908,7,99
1909,12,99
1910,7,99
1911,5,99
1912,5,99
1913,6,999
1914,2,5445
1915,6,999
1916,5,999
1917,6,99
1918,7,99
1919,3,909
1920,7,99
1921,3,99
1922,3,99
1923,6,909
1924,6,99
1926,11,99
1927,7,99
1928,4,909
1929,7,99
1930,7,99
1931,3,99
1932,3,99
1933,8,999
1934,7,99
1935,11,999
1937,2,909
1938,10,99
1939,6,99
1940,4,999
1941,5,99
1942,5,99
1943,9,999
1944,6,99
1945,10,99
1946,2,909
1948,11,999
1949,7,99
1950,4,909
1951,4,99
1952,4,99
1953,7,999
1954,7,99
1955,4,909
1956,7,99
1957,11,99
1959,6,99
1960,10,99
1961,6,99
1962,6,99
1963,12,999
1964,3,909
1965,7,99
1966,6,99
1967,5,999
1968,6,999
1969,2,5445
1970,11,999
1971,2,99
1972,2,99
1973,5,909
1974,12,99
1975,7,99
1976,4,99
1977,8,99
1978,6,909
1979,6,99
1981,6,9
1982,1,909
1983,8,99
1984,9,99
1985,7,99
1986,5,99
1987,5,909
1988,8,999
1989,7,99
1990,1,999
1991,0,1991
1992,1,999
1993,5,999
1994,3,999
1995,4,999
1996,2,999
1997,2,999
1998,4,999
1999,3,999
2000,5,999
2001,1,999
2002,0,2002
2003,1,999
2004,5,999
2005,3,999
2006,4,999
2007,2,999
2008,2,999
2009,4,999
2010,8,99
2011,1,909
2012,6,9
2014,11,99
2015,10,999
2016,4,909
2017,6,99
2018,7,999
2019,7,999
2020,5,909
2021,2,99
2022,2,99
2023,11,999
2025,7,909
2026,10,99
2027,4,99
2028,9,999
2029,12,999
2030,12,999
2031,6,99
2032,6,99
2033,10,99
2034,7,909
2036,11,999
2037,5,99
2038,8,999
2039,5,909
2040,7,999
2041,4,99
2042,4,99
2043,4,909
2044,10,999
2045,11,99
2047,3,99
2048,6,909
2049,8,99
2050,9,999
2051,5,99
2052,5,99
2053,4,999
2054,3,999
2055,5,999
2056,6,999
2057,1,5445
2058,6,999
2059,5,999
2060,8,999
2061,3,99
2062,3,99
2063,7,99
2064,9,99
2065,8,99
2066,6,909
2067,3,99
2069,11,99
2070,6,909
2071,3,99
2072,3,99
2073,7,99
2074,12,99
2075,5,909
2076,8,999
2077,5,99
2078,11,999
2080,6,999
2081,5,99
2082,5,99
2083,7,99
2084,3,909
2085,12,999
2086,9,999
2087,4,99
2088,10,99
2089,7,909
2091,4,99
2092,4,99
2093,4,909
2094,7,99
2095,7,999
2096,7,999
2097,6,99
2098,4,909
2099,10,999
2100,11,99
2102,6,9
2103,1,909
2104,8,99
2105,9,99
2106,7,99
2107,5,99
2108,5,909
2109,8,999
2110,5,999
2111,1,999
2112,0,2112
2113,1,999
2114,5,999
2115,3,999
2116,4,999
2117,2,999
2118,2,999
2119,4,999
2120,8,99
2121,1,909
2122,6,9
2124,11,99
2125,10,999
2126,4,909
2127,6,99
2128,7,999
2129,7,999
2130,5,909
2131,2,99
2132,2,99
2133,11,999
2135,7,909
2136,10,99
2137,4,99
2138,9,999
2139,12,999
2140,12,999
2141,6,99
2142,6,99
2143,10,99
2144,7,909
2146,11,999
2147,5,99
2148,8,999
2149,5,909
2150,7,999
2151,4,99
2152,4,99
2153,4,909
2154,10,999
2155,11,99
2157,3,99
2158,6,909
2159,8,99
2160,9,999
2161,5,99
2162,5,99
2163,4,999
2164,3,999
2165,5,999
2166,6,999
2167,1,5445
2168,6,999
2169,5,999
2170,8,999
2171,3,99
2172,3,99
2173,7,99
2174,9,99
2175,8,99
2176,6,909
2177,3,99
2179,11,99
2180,6,909
2181,3,99
2182,3,99
2183,7,99
2184,12,99
2185,5,909
2186,8,999
2187,5,99
2188,11,999
2190,6,999
2191,5,99
2192,5,99
2193,7,99
2194,3,909
2195,12,999
2196,9,999
2197,4,99
2198,10,99
2199,7,909
2201,11,999
2202,2,99
2203,2,99
2204,5,909
2205,12,99
2206,7,99
2207,4,99
2208,8,99
2209,6,909
2210,11,99
2212,6,9
2213,1,909
2214,8,99
2215,9,99
2216,7,99
2217,5,99
2218,5,909
2219,8,999
2220,5,999
2221,1,999
2222,0,2222
2223,1,999
2224,5,999
2225,3,999
2226,4,999
2227,2,999
2228,2,999
2229,4,999
2230,8,99
2231,1,909
2232,6,9
2234,11,99
2235,10,999
2236,4,909
2237,6,99
2238,7,999
2239,7,999
2240,5,909
2241,2,99
2242,2,99
2243,11,999
2245,7,909
2246,10,99
2247,4,99
2248,9,999
2249,12,999
2250,12,999
2251,6,99
2252,6,99
2253,10,99
2254,7,909
2256,11,999
2257,5,99
2258,8,999
2259,5,909
2260,7,999
2261,4,99
2262,4,99
2263,4,909
2264,10,999
2265,11,99
2267,3,99
2268,6,909
2269,8,99
2270,9,999
2271,5,99
2272,5,99
2273,4,999
2274,3,999
2275,5,999
2276,6,999
2277,1,5445
2278,6,999
2279,5,999
2280,8,999
2281,3,99
2282,3,99
2283,7,99
2284,9,99
2285,8,99
2286,6,909
2287,3,99
2289,11,99
2290,6,909
2291,3,99
2292,3,99
2293,7,99
2294,12,99
2295,5,909
2296,8,999
2297,5,99
2298,11,999
2300,7,909
2301,10,99
2302,6,99
2303,6,99
2304,12,999
2305,3,909
2306,7,99
2307,6,99
2308,5,999
2309,6,999
2311,11,999
2312,2,99
2313,2,99
2314,5,909
2315,12,99
2316,7,99
2317,4,99
2318,8,99
2319,6,909
2320,11,99
2322,6,9
2323,1,909
2324,8,99
2325,9,99
2326,7,99
2327,5,99
2328,5,909
2329,8,999
2330,5,999
2331,1,999
2332,0,2332
2333,1,999
2334,5,999
2335,3,999
2336,4,999
2337,2,999
2338,2,999
2339,4,999
2340,8,99
2341,1,909
2342,6,9
2344,11,99
2345,10,999
2346,4,909
2347,6,99
2348,7,999
2349,7,999
2350,5,909
2351,2,99
2352,2,99
2353,11,999
2355,7,909
2356,10,99
2357,4,99
2358,9,999
2359,12,999
2360,12,999
2361,6,99
2362,6,99
2363,10,99
2364,7,909
2366,11,999
2367,5,99
2368,8,999
2369,5,909
2370,7,999
2371,4,99
2372,4,99
2373,4,909
2374,10,999
2375,11,99
2377,3,99
2378,6,909
2379,8,99
2380,9,999
2381,5,99
2382,5,99
2383,4,999
2384,3,999
2385,5,999
2386,6,999
2387,1,5445
2388,6,999
2389,5,999
2390,8,999
2391,3,99
2392,3,99
2393,7,99
2394,9,99
2395,8,99
2396,6,909
2397,3,99
2399,11,99
2400,10,999
2401,4,909
2402,4,99
2403,4,99
2404,7,999
2405,7,99
2406,4,909
2407,7,99
2408,11,99
2410,7,909
2411,10,99
2412,6,99
2413,6,99
2414,12,999
2415,3,909
2416,7,99
2417,6,99
2418,5,999
2419,6,999
2421,11,999
2422,2,99
2423,2,99
2424,5,909
2425,12,99
2426,7,99
2427,4,99
2428,8,99
2429,6,909
2430,11,99
2432,6,9
2433,1,909
2434,8,99
2435,9,99
2436,7,99
2437,5,99
2438,5,909
2439,8,999
2440,5,999
2441,1,999
2442,0,2442
2443,1,999
2444,5,999
2445,3,999
2446,4,999
2447,2,999
2448,2,999
2449,4,999
2450,8,99
2451,1,909
2452,6,9
2454,11,99
2455,10,999
2456,4,909
2457,6,99
2458,7,999
2459,7,999
2460,5,909
2461,2,99
2462,2,99
2463,11,999
2465,7,909
2466,10,99
2467,4,99
2468,9,999
2469,12,999
2470,12,999
2471,6,99
2472,6,99
2473,10,99
2474,7,909
2476,11,999
2477,5,99
2478,8,999
2479,5,909
2480,7,999
2481,4,99
2482,4,99
2483,4,909
2484,10,999
2485,11,99
2487,3,99
2488,6,909
2489,8,99
2490,9,999
2491,5,99
2492,5,99
2493,4,999
2494,3,999
2495,5,999
2496,6,999
2497,1,5445
2498,6,999
2499,5,999
2500,3,999
2501,4,999
2502,5,99
2503,5,99
2504,9,999
2505,6,99
2506,10,99
2507,2,909
2509,11,999
2510,10,999
2511,4,909
2512,4,99
2513,4,99
2514,7,999
2515,7,99
2516,4,909
2517,7,99
2518,11,99
2520,7,909
2521,10,99
2522,6,99
2523,6,99
2524,12,999
2525,3,909
2526,7,99
2527,6,99
2528,5,999
2529,6,999
2531,11,999
2532,2,99
2533,2,99
2534,5,909
2535,12,99
2536,7,99
2537,4,99
2538,8,99
2539,6,909
2540,11,99
2542,6,9
2543,1,909
2544,8,99
2545,9,99
2546,7,99
2547,5,99
2548,5,909
2549,8,999
2550,5,999
2551,1,999
2552,0,2552
2553,1,999
2554,5,999
2555,3,999
2556,4,999
2557,2,999
2558,2,999
2559,4,999
2560,8,99
2561,1,909
2562,6,9
2564,11,99
2565,10,999
2566,4,909
2567,6,99
2568,7,999
2569,7,999
2570,5,909
2571,2,99
2572,2,99
2573,11,999
2575,7,909
2576,10,99
2577,4,99
2578,9,999
2579,12,999
2580,12,999
2581,6,99
2582,6,99
2583,10,99
2584,7,909
2586,11,999
2587,5,99
2588,8,999
2589,5,909
2590,7,999
2591,4,99
2592,4,99
2593,4,909
2594,10,999
2595,11,99
2597,3,99
2598,6,909
2599,8,99
2600,9,99
2601,7,99
2602,3,99
2603,3,99
2604,8,999
2605,7,99
2606,11,999
2608,2,909
2609,10,99
2610,3,999
2611,4,999
2612,5,99
2613,5,99
2614,9,999
2615,6,99
2616,10,99
2617,2,909
2619,11,999
2620,10,999
2621,4,909
2622,4,99
2623,4,99
2624,7,999
2625,7,99
2626,4,909
2627,7,99
2628,11,99
2630,7,909
2631,10,99
2632,6,99
2633,6,99
2634,12,999
2635,3,909
2636,7,99
2637,6,99
2638,5,999
2639,6,999
2641,11,999
2642,2,99
2643,2,99
2644,5,909
2645,12,99
2646,7,99
2647,4,99
2648,8,99
2649,6,909
2650,11,99
2652,6,9
2653,1,909
2654,8,99
2655,9,99
2656,7,99
2657,5,99
2658,5,909
2659,8,999
2660,5,999
2661,1,999
2662,0,2662
2663,1,999
2664,5,999
2665,3,999
2666,4,999
2667,2,999
2668,2,999
2669,4,999
2670,8,99
2671,1,909
2672,6,9
2674,11,99
2675,10,999
2676,4,909
2677,6,99
2678,7,999
2679,7,999
2680,5,909
2681,2,99
2682,2,99
2683,11,999
2685,7,909
2686,10,99
2687,4,99
2688,9,999
2689,12,999
2690,12,999
2691,6,99
2692,6,99
2693,10,99
2694,7,909
2696,11,999
2697,5,99
2698,8,999
2699,5,909
2700,12,99
2701,7,99
2702,3,99
2703,3,99
2704,6,909
2705,6,99
2707,11,99
2708,7,99
2709,4,909
2710,9,99
2711,7,99
2712,3,99
2713,3,99
2714,8,999
2715,7,99
2716,11,999
2718,2,909
2719,10,99
2720,3,999
2721,4,999
2722,5,99
2723,5,99
2724,9,999
2725,6,99
2726,10,99
2727,2,909
2729,11,999
2730,10,999
2731,4,909
2732,4,99
2733,4,99
2734,7,999
2735,7,99
2736,4,909
2737,7,99
2738,11,99
2740,7,909
2741,10,99
2742,6,99
2743,6,99
2744,12,999
2745,3,909
2746,7,99
2747,6,99
2748,5,999
2749,6,999
2751,11,999
2752,2,99
2753,2,99
2754,5,909
2755,12,99
2756,7,99
2757,4,99
2758,8,99
2759,6,909
2760,11,99
2762,6,9
2763,1,909
2764,8,99
2765,9,99
2766,7,99
2767,5,99
2768,5,909
2769,8,999
2770,5,999
2771,1,999
2772,0,2772
2773,1,999
2774,5,999
2775,3,999
2776,4,999
2777,2,999
2778,2,999
2779,4,999
2780,8,99
2781,1,909
2782,6,9
2784,11,99
2785,10,999
2786,4,909
2787,6,99
2788,7,999
2789,7,999
2790,5,909
2791,2,99
2792,2,99
2793,11,999
2795,7,909
2796,10,99
2797,4,99
2798,9,999
2799,12,999
2800,3,909
2801,7,99
2802,5,99
2803,5,99
2804,6,999
2805,2,5445
2806,6,999
2807,5,999
2808,6,99
2809,7,99
2810,12,99
2811,7,99
2812,3,99
2813,3,99
2814,6,909
2815,6,99
2817,11,99
2818,7,99
2819,4,909
2820,9,99
2821,7,99
2822,3,99
2823,3,99
2824,8,999
2825,7,99
2826,11,999
2828,2,909
2829,10,99
2830,3,999
2831,4,999
2832,5,99
2833,5,99
2834,9,999
2835,6,99
2836,10,99
2837,2,909
2839,11,999
2840,10,999
2841,4,909
2842,4,99
2843,4,99
2844,7,999
2845,7,99
2846,4,909
2847,7,99
2848,11,99
2850,7,909
2851,10,99
2852,6,99
2853,6,99
2854,12,999
2855,3,909
2856,7,99
2857,6,99
2858,5,999
2859,6,999
2861,11,999
2862,2,99
2863,2,99
2864,5,909
2865,12,99
2866,7,99
2867,4,99
2868,8,99
2869,6,909
2870,11,99
2872,6,9
2873,1,909
2874,8,99
2875,9,99
2876,7,99
2877,5,99
2878,5,909
2879,8,999
2880,5,999
2881,1,999
2882,0,2882
2883,1,999
2884,5,999
2885,3,999
2886,4,999
2887,2,999
2888,2,999
2889,4,999
2890,8,99
2891,1,909
2892,6,9
2894,11,99
2895,10,999
2896,4,909
2897,6,99
2898,7,999
2899,7,999
2900,7,99
2901,4,909
2902,4,99
2903,4,99
2905,6,99
2906,6,909
2907,8,99
2908,4,99
2909,7,99
2910,3,909
2911,7,99
2912,5,99
2913,5,99
2914,6,999
2915,2,5445
2916,6,999
2917,5,999
2918,6,99
2919,7,99
2920,12,99
2921,7,99
2922,3,99
2923,3,99
2924,6,909
2925,6,99
2927,11,99
2928,7,99
2929,4,909
2930,9,99
2931,7,99
2932,3,99
2933,3,99
2934,8,999
2935,7,99
2936,11,999
2938,2,909
2939,10,99
2940,3,999
2941,4,999
2942,5,99
2943,5,99
2944,9,999
2945,6,99
2946,10,99
2947,2,909
2949,11,999
2950,10,999
2951,4,909
2952,4,99
2953,4,99
2954,7,999
2955,7,99
2956,4,909
2957,7,99
2958,11,99
2960,7,909
2961,10,99
2962,6,99
2963,6,99
2964,12,999
2965,3,909
2966,7,99
2967,6,99
2968,5,999
2969,6,999
2971,11,999
2972,2,99
2973,2,99
2974,5,909
2975,12,99
2976,7,99
2977,4,99
2978,8,99
2979,6,909
2980,11,99
2982,6,9
2983,1,909
2984,8,99
2985,9,99
2986,7,99
2987,5,99
2988,5,909
2989,8,999
2990,5,999
2991,1,999
2992,0,2992
2993,1,999
2994,5,999
2995,3,999
2996,4,999
2997,2,999
2998,2,999
2999,4,999
3000,3,999
3001,5,999
3002,1,999
3003,0,3003
3004,1,999
3005,5,999
3006,3,999
3007,4,999
3008,2,999
3009,2,999
3010,9,99
3011,8,99
3012,1,909
3013,6,9
3015,11,99
3016,10,999
3017,4,909
3018,6,99
3019,7,999
3020,12,99
3021,5,909
3022,2,99
3023,2,99
3024,11,999
3026,7,909
3027,10,99
3028,4,99
3029,9,999
3030,3,909
3031,12,999
3032,6,99
3033,6,99
3034,10,99
3035,7,909
3037,11,999
3038,5,99
3039,8,999
3040,7,99
3041,7,999
3042,4,99
3043,4,99
3044,4,909
3045,10,999
3046,11,99
3048,3,99
3049,6,909
3050,6,99
3051,9,999
3052,5,99
3053,5,99
3054,4,999
3055,3,999
3056,5,999
3057,6,999
3058,1,5445
3059,6,999
3060,7,99
3061,8,999
3062,3,99
3063,3,99
3064,7,99
3065,9,99
3066,8,99
3067,6,909
3068,3,99
3070,6,99
3071,6,909
3072,3,99
3073,3,99
3074,7,99
3075,12,99
3076,5,909
3077,8,999
3078,5,99
3079,11,999
3080,2,5445
3081,6,999
3082,5,99
3083,5,99
3084,7,99
3085,3,909
3086,12,999
3087,9,999
3088,4,99
3089,10,99
3090,6,99
3092,4,99
3093,4,99
3094,4,909
3095,7,99
3096,7,999
3097,7,999
3098,6,99
3099,4,909
3100,10,999
3101,11,99
3103,6,9
3104,1,909
3105,8,99
3106,9,99
3107,7,99
3108,5,99
3109,5,909
3110,3,999
3111,5,999
3112,1,999
3113,0,3113
3114,1,999
3115,5,999
3116,3,999
3117,4,999
3118,2,999
3119,2,999
3120,9,99
3121,8,99
3122,1,909
3123,6,9
3125,11,99
3126,10,999
3127,4,909
3128,6,99
3129,7,999
3130,12,99
3131,5,909
3132,2,99
3133,2,99
3134,11,999
3136,7,909
3137,10,99
3138,4,99
3139,9,999
3140,3,909
3141,12,999
3142,6,99
3143,6,99
3144,10,99
3145,7,909
3147,11,999
3148,5,99
3149,8,999
3150,7,99
3151,7,999
3152,4,99
3153,4,99
3154,4,909
3155,10,999
3156,11,99
3158,3,99
3159,6,909
3160,6,99
3161,9,999
3162,5,99
3163,5,99
3164,4,999
3165,3,999
3166,5,999
3167,6,999
3168,1,5445
3169,6,999
3170,7,99
3171,8,999
3172,3,99
3173,3,99
3174,7,99
3175,9,99
3176,8,99
3177,6,909
3178,3,99
3180,6,99
3181,6,909
3182,3,99
3183,3,99
3184,7,99
3185,12,99
3186,5,909
3187,8,999
3188,5,99
3189,11,999
3190,2,5445
3191,6,999
3192,5,99
3193,5,99
3194,7,99
3195,3,909
3196,12,999
3197,9,999
3198,4,99
3199,10,99
3200,7,909
3202,11,999
3203,2,99
3204,2,99
3205,5,909
3206,12,99
3207,7,99
3208,4,99
3209,8,99
3210,10,999
3211,11,99
3213,6,9
3214,1,909
3215,8,99
3216,9,99
3217,7,99
3218,5,99
3219,5,909
3220,3,999
3221,5,999
3222,1,999
3223,0,3223
3224,1,999
3225,5,999
3226,3,999
3227,4,999
3228,2,999
3229,2,999
3230,9,99
3231,8,99
3232,1,909
3233,6,9
3235,11,99
3236,10,999
3237,4,909
3238,6,99
3239,7,999
3240,12,99
3241,5,909
3242,2,99
3243,2,99
3244,11,999
3246,7,909
3247,10,99
3248,4,99
3249,9,999
3250,3,909
3251,12,999
3252,6,99
3253,6,99
3254,10,99
3255,7,909
3257,11,999
3258,5,99
3259,8,999
3260,7,99
3261,7,999
3262,4,99
3263,4,99
3264,4,909
3265,10,999
3266,11,99
3268,3,99
3269,6,909
3270,6,99
3271,9,999
3272,5,99
3273,5,99
3274,4,999
3275,3,999
3276,5,999
3277,6,999
3278,1,5445
3279,6,999
3280,7,99
3281,8,999
3282,3,99
3283,3,99
3284,7,99
3285,9,99
3286,8,99
3287,6,909
3288,3,99
3290,6,99
3291,6,909
3292,3,99
3293,3,99
3294,7,99
3295,12,99
3296,5,909
3297,8,999
3298,5,99
3299,11,999
3301,7,909
3302,10,99
3303,6,99
3304,6,99
3305,12,999
3306,3,909
3307,7,99
3308,6,99
3309,5,999
3310,7,909
3312,11,999
3313,2,99
3314,2,99
3315,5,909
3316,12,99
3317,7,99
3318,4,99
3319,8,99
3320,10,999
3321,11,99
3323,6,9
3324,1,909
3325,8,99
3326,9,99
3327,7,99
3328,5,99
3329,5,909
3330,3,999
3331,5,999
3332,1,999
3333,0,3333
3334,1,999
3335,5,999
3336,3,999
3337,4,999
3338,2,999
3339,2,999
3340,9,99
3341,8,99
3342,1,909
3343,6,9
3345,11,99
3346,10,999
3347,4,909
3348,6,99
3349,7,999
3350,12,99
3351,5,909
3352,2,99
3353,2,99
3354,11,999
3356,7,909
3357,10,99
3358,4,99
3359,9,999
3360,3,909
3361,12,999
3362,6,99
3363,6,99
3364,10,99
3365,7,909
3367,11,999
3368,5,99
3369,8,999
3370,7,99
3371,7,999
3372,4,99
3373,4,99
3374,4,909
3375,10,999
3376,11,99
3378,3,99
3379,6,909
3380,6,99
3381,9,999
3382,5,99
3383,5,99
3384,4,999
3385,3,999
3386,5,999
3387,6,999
3388,1,5445
3389,6,999
3390,7,99
3391,8,999
3392,3,99
3393,3,99
3394,7,99
3395,9,99
3396,8,99
3397,6,909
3398,3,99
3400,11,99
3401,10,999
3402,4,909
3403,4,99
3404,4,99
3405,7,999
3406,7,99
3407,4,909
3408,7,99
3409,11,99
3411,7,909
3412,10,99
3413,6,99
3414,6,99
3415,12,999
3416,3,909
3417,7,99
3418,6,99
3419,5,999
3420,7,909
3422,11,999
3423,2,99
3424,2,99
3425,5,909
3426,12,99
3427,7,99
3428,4,99
3429,8,99
3430,10,999
3431,11,99
3433,6,9
3434,1,909
3435,8,99
3436,9,99
3437,7,99
3438,5,99
3439,5,909
3440,3,999
3441,5,999
3442,1,999
3443,0,3443
3444,1,999
3445,5,999
3446,3,999
3447,4,999
3448,2,999
3449,2,999
3450,9,99
3451,8,99
3452,1,909
3453,6,9
3455,11,99
3456,10,999
3457,4,909
3458,6,99
3459,7,999
3460,12,99
3461,5,909
3462,2,99
3463,2,99
3464,11,999
3466,7,909
3467,10,99
3468,4,99
3469,9,999
3470,3,909
3471,12,999
3472,6,99
3473,6,99
3474,10,99
3475,7,909
3477,11,999
3478,5,99
3479,8,999
3480,7,99
3481,7,999
3482,4,99
3483,4,99
3484,4,909
3485,10,999
3486,11,99
3488,3,99
3489,6,909
3490,6,99
3491,9,999
3492,5,99
3493,5,99
3494,4,999
3495,3,999
3496,5,999
3497,6,999
3498,1,5445
3499,6,999
3500,5,999
3501,3,999
3502,4,999
3503,5,99
3504,5,99
3505,9,999
3506,6,99
3507,10,99
3508,2,909
3510,11,99
3511,10,999
3512,4,909
3513,4,99
3514,4,99
3515,7,999
3516,7,99
3517,4,909
3518,7,99
3519,11,99
3521,7,909
3522,10,99
3523,6,99
3524,6,99
3525,12,999
3526,3,909
3527,7,99
3528,6,99
3529,5,999
3530,7,909
3532,11,999
3533,2,99
3534,2,99
3535,5,909
3536,12,99
3537,7,99
3538,4,99
3539,8,99
3540,10,999
3541,11,99
3543,6,9
3544,1,909
3545,8,99
3546,9,99
3547,7,99
3548,5,99
3549,5,909
3550,3,999
3551,5,999
3552,1,999
3553,0,3553
3554,1,999
3555,5,999
3556,3,999
3557,4,999
3558,2,999
3559,2,999
3560,9,99
3561,8,99
3562,1,909
3563,6,9
3565,11,99
3566,10,999
3567,4,909
3568,6,99
3569,7,999
3570,12,99
3571,5,909
3572,2,99
3573,2,99
3574,11,999
3576,7,909
3577,10,99
3578,4,99
3579,9,999
3580,3,909
3581,12,999
3582,6,99
3583,6,99
3584,10,99
3585,7,909
3587,11,999
3588,5,99
3589,8,999
3590,7,99
3591,7,999
3592,4,99
3593,4,99
3594,4,909
3595,10,999
3596,11,99
3598,3,99
3599,6,909
3600,8,99
3601,9,99
3602,7,99
3603,3,99
3604,3,99
3605,8,999
3606,7,99
3607,11,999
3609,2,909
3610,5,999
3611,3,999
3612,4,999
3613,5,99
3614,5,99
3615,9,999
3616,6,99
3617,10,99
3618,2,909
3620,11,99
3621,10,999
3622,4,909
3623,4,99
3624,4,99
3625,7,999
3626,7,99
3627,4,909
3628,7,99
3629,11,99
3631,7,909
3632,10,99
3633,6,99
3634,6,99
3635,12,999
3636,3,909
3637,7,99
3638,6,99
3639,5,999
3640,7,909
3642,11,999
3643,2,99
3644,2,99
3645,5,909
3646,12,99
3647,7,99
3648,4,99
3649,8,99
3650,10,999
3651,11,99
3653,6,9
3654,1,909
3655,8,99
3656,9,99
3657,7,99
3658,5,99
3659,5,909
3660,3,999
3661,5,999
3662,1,999
3663,0,3663
3664,1,999
3665,5,999
3666,3,999
3667,4,999
3668,2,999
3669,2,999
3670,9,99
3671,8,99
3672,1,909
3673,6,9
3675,11,99
3676,10,999
3677,4,909
3678,6,99
3679,7,999
3680,12,99
3681,5,909
3682,2,99
3683,2,99
3684,11,999
3686,7,909
3687,10,99
3688,4,99
3689,9,999
3690,3,909
3691,12,999
3692,6,99
3693,6,99
3694,10,99
3695,7,909
3697,11,999
3698,5,99
3699,8,999
3700,5,909
3701,12,99
3702,7,99
3703,3,99
3704,3,99
3705,6,909
3706,6,99
3708,11,99
3709,7,99
3710,8,99
3711,9,99
3712,7,99
3713,3,99
3714,3,99
3715,8,999
3716,7,99
3717,11,999
3719,2,909
3720,5,999
3721,3,999
3722,4,999
3723,5,99
3724,5,99
3725,9,999
3726,6,99
3727,10,99
3728,2,909
3730,11,99
3731,10,999
3732,4,909
3733,4,99
3734,4,99
3735,7,999
3736,7,99
3737,4,909
3738,7,99
3739,11,99
3741,7,909
3742,10,99
3743,6,99
3744,6,99
3745,12,999
3746,3,909
3747,7,99
3748,6,99
3749,5,999
3750,7,909
3752,11,999
3753,2,99
3754,2,99
3755,5,909
3756,12,99
3757,7,99
3758,4,99
3759,8,99
3760,10,999
3761,11,99
3763,6,9
3764,1,909
3765,8,99
3766,9,99
3767,7,99
3768,5,99
3769,5,909
3770,3,999
3771,5,999
3772,1,999
3773,0,3773
3774,1,999
3775,5,999
3776,3,999
3777,4,999
3778,2,999
3779,2,999
3780,9,99
3781,8,99
3782,1,909
3783,6,9
3785,11,99
3786,10,999
3787,4,909
3788,6,99
3789,7,999
3790,12,99
3791,5,909
3792,2,99
3793,2,99
3794,11,999
3796,7,909
3797,10,99
3798,4,99
3799,9,999
3800,12,999
3801,3,909
3802,7,99
3803,5,99
3804,5,99
3805,6,999
3806,2,5445
3807,6,999
3808,5,999
3809,6,99
3810,5,909
3811,12,99
3812,7,99
3813,3,99
3814,3,99
3815,6,909
3816,6,99
3818,11,99
3819,7,99
3820,8,99
3821,9,99
3822,7,99
3823,3,99
3824,3,99
3825,8,999
3826,7,99
3827,11,999
3829,2,909
3830,5,999
3831,3,999
3832,4,999
3833,5,99
3834,5,99
3835,9,999
3836,6,99
3837,10,99
3838,2,909
3840,11,99
3841,10,999
3842,4,909
3843,4,99
3844,4,99
3845,7,999
3846,7,99
3847,4,909
3848,7,99
3849,11,99
3851,7,909
3852,10,99
3853,6,99
3854,6,99
3855,12,999
3856,3,909
3857,7,99
3858,6,99
3859,5,999
3860,7,909
3862,11,999
3863,2,99
3864,2,99
3865,5,909
3866,12,99
3867,7,99
3868,4,99
3869,8,99
3870,10,999
3871,11,99
3873,6,9
3874,1,909
3875,8,99
3876,9,99
3877,7,99
3878,5,99
3879,5,909
3880,3,999
3881,5,999
3882,1,999
3883,0,3883
3884,1,999
3885,5,999
3886,3,999
3887,4,999
3888,2,999
3889,2,999
3890,9,99
3891,8,99
3892,1,909
3893,6,9
3895,11,99
3896,10,999
3897,4,909
3898,6,99
3899,7,999
3900,7,999
3901,7,99
3902,4,909
3903,4,99
3904,4,99
3906,6,99
3907,6,909
3908,8,99
3909,4,99
3910,12,999
3911,3,909
3912,7,99
3913,5,99
3914,5,99
3915,6,999
3916,2,5445
3917,6,999
3918,5,999
3919,6,99
3920,5,909
3921,12,99
3922,7,99
3923,3,99
3924,3,99
3925,6,909
3926,6,99
3928,11,99
3929,7,99
3930,8,99
3931,9,99
3932,7,99
3933,3,99
3934,3,99
3935,8,999
3936,7,99
3937,11,999
3939,2,909
3940,5,999
3941,3,999
3942,4,999
3943,5,99
3944,5,99
3945,9,999
3946,6,99
3947,10,99
3948,2,909
3950,11,99
3951,10,999
3952,4,909
3953,4,99
3954,4,99
3955,7,999
3956,7,99
3957,4,909
3958,7,99
3959,11,99
3961,7,909
3962,10,99
3963,6,99
3964,6,99
3965,12,999
3966,3,909
3967,7,99
3968,6,99
3969,5,999
3970,7,909
3972,11,999
3973,2,99
3974,2,99
3975,5,909
3976,12,99
3977,7,99
3978,4,99
3979,8,99
3980,10,999
3981,11,99
3983,6,9
3984,1,909
3985,8,99
3986,9,99
3987,7,99
3988,5,99
3989,5,909
3990,3,999
3991,5,999
3992,1,999
3993,0,3993
3994,1,999
3995,5,999
3996,3,999
3997,4,999
3998,2,999
3999,2,999
4000,4,999
4001,3,999
4002,5,999
4003,1,999
4004,0,4004
4005,1,999
4006,5,999
4007,3,999
4008,4,999
4009,2,999
4010,7,99
4011,9,99
4012,8,99
4013,1,909
4014,6,9
4016,11,99
4017,10,999
4018,4,909
4019,6,99
4020,7,99
4021,12,99
4022,5,909
4023,2,99
4024,2,99
4025,11,999
4027,7,909
4028,10,99
4029,4,99
4030,7,99
4031,3,909
4032,12,999
4033,6,99
4034,6,99
4035,10,99
4036,7,909
4038,11,999
4039,5,99
4040,4,909
4041,7,99
4042,7,999
4043,4,99
4044,4,99
4045,4,909
4046,10,999
4047,11,99
4049,3,99
4050,10,99
4051,6,99
4052,9,999
4053,5,99
4054,5,99
4055,4,999
4056,3,999
4057,5,999
4058,6,999
4059,1,5445
4060,11,999
4061,7,99
4062,8,999
4063,3,99
4064,3,99
4065,7,99
4066,9,99
4067,8,99
4068,6,909
4069,3,99
4071,6,99
4072,6,909
4073,3,99
4074,3,99
4075,7,99
4076,12,99
4077,5,909
4078,8,999
4079,5,99
4080,6,999
4081,2,5445
4082,6,999
4083,5,99
4084,5,99
4085,7,99
4086,3,909
4087,12,999
4088,9,999
4089,4,99
4090,6,909
4091,6,99
4093,4,99
4094,4,99
4095,4,909
4096,7,99
4097,7,999
4098,7,999
4099,6,99
4100,4,909
4101,10,999
4102,11,99
4104,6,9
4105,1,909
4106,8,99
4107,9,99
4108,7,99
4109,5,99
4110,4,999
4111,3,999
4112,5,999
4113,1,999
4114,0,4114
4115,1,999
4116,5,999
4117,3,999
4118,4,999
4119,2,999
4120,7,99
4121,9,99
4122,8,99
4123,1,909
4124,6,9
4126,11,99
4127,10,999
4128,4,909
4129,6,99
4130,7,99
4131,12,99
4132,5,909
4133,2,99
4134,2,99
4135,11,999
4137,7,909
4138,10,99
4139,4,99
4140,7,99
4141,3,909
4142,12,999
4143,6,99
4144,6,99
4145,10,99
4146,7,909
4148,11,999
4149,5,99
4150,4,909
4151,7,99
4152,7,999
4153,4,99
4154,4,99
4155,4,909
4156,10,999
4157,11,99
4159,3,99
4160,10,99
4161,6,99
4162,9,999
4163,5,99
4164,5,99
4165,4,999
4166,3,999
4167,5,999
4168,6,999
4169,1,5445
4170,11,999
4171,7,99
4172,8,999
4173,3,99
4174,3,99
4175,7,99
4176,9,99
4177,8,99
4178,6,909
4179,3,99
4181,6,99
4182,6,909
4183,3,99
4184,3,99
4185,7,99
4186,12,99
4187,5,909
4188,8,999
4189,5,99
4190,6,999
4191,2,5445
4192,6,999
4193,5,99
4194,5,99
4195,7,99
4196,3,909
4197,12,999
4198,9,999
4199,4,99
4200,10,99
4201,7,909
4203,11,999
4204,2,99
4205,2,99
4206,5,909
4207,12,99
4208,7,99
4209,4,99
4210,4,909
4211,10,999
4212,11,99
4214,6,9
4215,1,909
4216,8,99
4217,9,99
4218,7,99
4219,5,99
4220,4,999
4221,3,999
4222,5,999
4223,1,999
4224,0,4224
4225,1,999
4226,5,999
4227,3,999
4228,4,999
4229,2,999
4230,7,99
4231,9,99
4232,8,99
4233,1,909
4234,6,9
4236,11,99
4237,10,999
4238,4,909
4239,6,99
4240,7,99
4241,12,99
4242,5,909
4243,2,99
4244,2,99
4245,11,999
4247,7,909
4248,10,99
4249,4,99
4250,7,99
4251,3,909
4252,12,999
4253,6,99
4254,6,99
4255,10,99
4256,7,909
4258,11,999
4259,5,99
4260,4,909
4261,7,99
4262,7,999
4263,4,99
4264,4,99
4265,4,909
4266,10,999
4267,11,99
4269,3,99
4270,10,99
4271,6,99
4272,9,999
4273,5,99
4274,5,99
4275,4,999
4276,3,999
4277,5,999
4278,6,999
4279,1,5445
4280,11,999
4281,7,99
4282,8,999
4283,3,99
4284,3,99
4285,7,99
4286,9,99
4287,8,99
4288,6,909
4289,3,99
4291,6,99
4292,6,909
4293,3,99
4294,3,99
4295,7,99
4296,12,99
4297,5,909
4298,8,999
4299,5,99
4300,11,999
4302,7,909
4303,10,99
4304,6,99
4305,6,99
4306,12,999
4307,3,909
4308,7,99
4309,6,99
4310,10,99
4311,7,909
4313,11,999
4314,2,99
4315,2,99
4316,5,909
4317,12,99
4318,7,99
4319,4,99
4320,4,909
4321,10,999
4322,11,99
4324,6,9
4325,1,909
4326,8,99
4327,9,99
4328,7,99
4329,5,99
4330,4,999
4331,3,999
4332,5,999
4333,1,999
4334,0,4334
4335,1,999
4336,5,999
4337,3,999
4338,4,999
4339,2,999
4340,7,99
4341,9,99
4342,8,99
4343,1,909
4344,6,9
4346,11,99
4347,10,999
4348,4,909
4349,6,99
4350,7,99
4351,12,99
4352,5,909
4353,2,99
4354,2,99
4355,11,999
4357,7,909
4358,10,99
4359,4,99
4360,7,99
4361,3,909
4362,12,999
4363,6,99
4364,6,99
4365,10,99
4366,7,909
4368,11,999
4369,5,99
4370,4,909
4371,7,99
4372,7,999
4373,4,99
4374,4,99
4375,4,909
4376,10,999
4377,11,99
4379,3,99
4380,10,99
4381,6,99
4382,9,999
4383,5,99
4384,5,99
4385,4,999
4386,3,999
4387,5,999
4388,6,999
4389,1,5445
4390,11,999
4391,7,99
4392,8,999
4393,3,99
4394,3,99
4395,7,99
4396,9,99
4397,8,99
4398,6,909
4399,3,99
4401,11,99
4402,10,999
4403,4,909
4404,4,99
4405,4,99
4406,7,999
4407,7,99
4408,4,909
4409,7,99
4410,11,999
4412,7,909
4413,10,99
4414,6,99
4415,6,99
4416,12,999
4417,3,909
4418,7,99
4419,6,99
4420,10,99
4421,7,909
4423,11,999
4424,2,99
4425,2,99
4426,5,909
4427,12,99
4428,7,99
4429,4,99
4430,4,909
4431,10,999
4432,11,99
4434,6,9
4435,1,909
4436,8,99
4437,9,99
4438,7,99
4439,5,99
4440,4,999
4441,3,999
4442,5,999
4443,1,999
4444,0,4444
4445,1,999
4446,5,999
4447,3,999
4448,4,999
4449,2,999
4450,7,99
4451,9,99
4452,8,99
4453,1,909
4454,6,9
4456,11,99
4457,10,999
4458,4,909
4459,6,99
4460,7,99
4461,12,99
4462,5,909
4463,2,99
4464,2,99
4465,11,999
4467,7,909
4468,10,99
4469,4,99
4470,7,99
4471,3,909
4472,12,999
4473,6,99
4474,6,99
4475,10,99
4476,7,909
4478,11,999
4479,5,99
4480,4,909
4481,7,99
4482,7,999
4483,4,99
4484,4,99
4485,4,909
4486,10,999
4487,11,99
4489,3,99
4490,10,99
4491,6,99
4492,9,999
4493,5,99
4494,5,99
4495,4,999
4496,3,999
4497,5,999
4498,6,999
4499,1,5445
4500,6,999
4501,5,999
4502,3,999
4503,4,999
4504,5,99
4505,5,99
4506,9,999
4507,6,99
4508,10,99
4509,2,909
4511,11,99
4512,10,999
4513,4,909
4514,4,99
4515,4,99
4516,7,999
4517,7,99
4518,4,909
4519,7,99
4520,11,999
4522,7,909
4523,10,99
4524,6,99
4525,6,99
4526,12,999
4527,3,909
4528,7,99
4529,6,99
4530,10,99
4531,7,909
4533,11,999
4534,2,99
4535,2,99
4536,5,909
4537,12,99
4538,7,99
4539,4,99
4540,4,909
4541,10,999
4542,11,99
4544,6,9
4545,1,909
4546,8,99
4547,9,99
4548,7,99
4549,5,99
4550,4,999
4551,3,999
4552,5,999
4553,1,999
4554,0,4554
4555,1,999
4556,5,999
4557,3,999
4558,4,999
4559,2,999
4560,7,99
4561,9,99
4562,8,99
4563,1,909
4564,6,9
4566,11,99
4567,10,999
4568,4,909
4569,6,99
4570,7,99
4571,12,99
4572,5,909
4573,2,99
4574,2,99
4575,11,999
4577,7,909
4578,10,99
4579,4,99
4580,7,99
4581,3,909
4582,12,999
4583,6,99
4584,6,99
4585,10,99
4586,7,909
4588,11,999
4589,5,99
4590,4,909
4591,7,99
4592,7,999
4593,4,99
4594,4,99
4595,4,909
4596,10,999
4597,11,99
4599,3,99
4600,6,909
4601,8,99
4602,9,99
4603,7,99
4604,3,99
4605,3,99
4606,8,999
4607,7,99
4608,11,999
4610,6,999
4611,5,999
4612,3,999
4613,4,999
4614,5,99
4615,5,99
4616,9,999
4617,6,99
4618,10,99
4619,2,909
4621,11,99
4622,10,999
4623,4,909
4624,4,99
4625,4,99
4626,7,999
4627,7,99
4628,4,909
4629,7,99
4630,11,999
4632,7,909
4633,10,99
4634,6,99
4635,6,99
4636,12,999
4637,3,909
4638,7,99
4639,6,99
4640,10,99
4641,7,909
4643,11,999
4644,2,99
4645,2,99
4646,5,909
4647,12,99
4648,7,99
4649,4,99
4650,4,909
4651,10,999
4652,11,99
4654,6,9
4655,1,909
4656,8,99
4657,9,99
4658,7,99
4659,5,99
4660,4,999
4661,3,999
4662,5,999
4663,1,999
4664,0,4664
4665,1,999
4666,5,999
4667,3,999
4668,4,999
4669,2,999
4670,7,99
4671,9,99
4672,8,99
4673,1,909
4674,6,9
4676,11,99
4677,10,999
4678,4,909
4679,6,99
4680,7,99
4681,12,99
4682,5,909
4683,2,99
4684,2,99
4685,11,999
4687,7,909
4688,10,99
4689,4,99
4690,7,99
4691,3,909
4692,12,999
4693,6,99
4694,6,99
4695,10,99
4696,7,909
4698,11,999
4699,5,99
4700,8,999
4701,5,909
4702,12,99
4703,7,99
4704,3,99
4705,3,99
4706,6,909
4707,6,99
4709,11,99
4710,6,909
4711,8,99
4712,9,99
4713,7,99
4714,3,99
4715,3,99
4716,8,999
4717,7,99
4718,11,999
4720,6,999
4721,5,999
4722,3,999
4723,4,999
4724,5,99
4725,5,99
4726,9,999
4727,6,99
4728,10,99
4729,2,909
4731,11,99
4732,10,999
4733,4,909
4734,4,99
4735,4,99
4736,7,999
4737,7,99
4738,4,909
4739,7,99
4740,11,999
4742,7,909
4743,10,99
4744,6,99
4745,6,99
4746,12,999
4747,3,909
4748,7,99
4749,6,99
4750,10,99
4751,7,909
4753,11,999
4754,2,99
4755,2,99
4756,5,909
4757,12,99
4758,7,99
4759,4,99
4760,4,909
4761,10,999
4762,11,99
4764,6,9
4765,1,909
4766,8,99
4767,9,99
4768,7,99
4769,5,99
4770,4,999
4771,3,999
4772,5,999
4773,1,999
4774,0,4774
4775,1,999
4776,5,999
4777,3,999
4778,4,999
4779,2,999
4780,7,99
4781,9,99
4782,8,99
4783,1,909
4784,6,9
4786,11,99
4787,10,999
4788,4,909
4789,6,99
4790,7,99
4791,12,99
4792,5,909
4793,2,99
4794,2,99
4795,11,999
4797,7,909
4798,10,99
4799,4,99
4800,9,999
4801,12,999
4802,3,909
4803,7,99
4804,5,99
4805,5,99
4806,6,999
4807,2,5445
4808,6,999
4809,5,999
4810,8,999
4811,5,909
4812,12,99
4813,7,99
4814,3,99
4815,3,99
4816,6,909
4817,6,99
4819,11,99
4820,6,909
4821,8,99
4822,9,99
4823,7,99
4824,3,99
4825,3,99
4826,8,999
4827,7,99
4828,11,999
4830,6,999
4831,5,999
4832,3,999
4833,4,999
4834,5,99
4835,5,99
4836,9,999
4837,6,99
4838,10,99
4839,2,909
4841,11,99
4842,10,999
4843,4,909
4844,4,99
4845,4,99
4846,7,999
4847,7,99
4848,4,909
4849,7,99
4850,11,999
4852,7,909
4853,10,99
4854,6,99
4855,6,99
4856,12,999
4857,3,909
4858,7,99
4859,6,99
4860,10,99
4861,7,909
4863,11,999
4864,2,99
4865,2,99
4866,5,909
4867,12,99
4868,7,99
4869,4,99
4870,4,909
4871,10,999
4872,11,99
4874,6,9
4875,1,909
4876,8,99
4877,9,99
4878,7,99
4879,5,99
4880,4,999
4881,3,999
4882,5,999
4883,1,999
4884,0,4884
4885,1,999
4886,5,999
4887,3,999
4888,4,999
4889,2,999
4890,7,99
4891,9,99
4892,8,99
4893,1,909
4894,6,9
4896,11,99
4897,10,999
4898,4,909
4899,6,99
4900,7,999
4901,7,999
4902,7,99
4903,4,909
4904,4,99
4905,4,99
4907,6,99
4908,6,909
4909,8,99
4910,9,999
4911,12,999
4912,3,909
4913,7,99
4914,5,99
4915,5,99
4916,6,999
4917,2,5445
4918,6,999
4919,5,999
4920,8,999
4921,5,909
4922,12,99
4923,7,99
4924,3,99
4925,3,99
4926,6,909
4927,6,99
4929,11,99
4930,6,909
4931,8,99
4932,9,99
4933,7,99
4934,3,99
4935,3,99
4936,8,999
4937,7,99
4938,11,999
4940,6,999
4941,5,999
4942,3,999
4943,4,999
4944,5,99
4945,5,99
4946,9,999
4947,6,99
4948,10,99
4949,2,909
4951,11,99
4952,10,999
4953,4,909
4954,4,99
4955,4,99
4956,7,999
4957,7,99
4958,4,909
4959,7,99
4960,11,999
4962,7,909
4963,10,99
4964,6,99
4965,6,99
4966,12,999
4967,3,909
4968,7,99
4969,6,99
4970,10,99
4971,7,909
4973,11,999
4974,2,99
4975,2,99
4976,5,909
4977,12,99
4978,7,99
4979,4,99
4980,4,909
4981,10,999
4982,11,99
4984,6,9
4985,1,909
4986,8,99
4987,9,99
4988,7,99
4989,5,99
4990,4,999
4991,3,999
4992,5,999
4993,1,999
4994,0,4994
4995,1,999
4996,5,999
4997,3,999
4998,4,999
4999,2,999
5000,2,999
5001,4,999
5002,3,999
5003,5,999
5004,1,999
5005,0,5005
5006,1,999
5007,5,999
5008,3,999
5009,4,999
5010,5,99
5011,7,99
5012,9,99
5013,8,99
5014,1,909
5015,6,9
5017,11,99
5018,10,999
5019,4,909
5020,4,99
5021,7,99
5022,12,99
5023,5,909
5024,2,99
5025,2,99
5026,11,999
5028,7,909
5029,10,99
5030,6,99
5031,7,99
5032,3,909
5033,12,999
5034,6,99
5035,6,99
5036,10,99
5037,7,909
5039,11,999
5040,7,99
5041,4,909
5042,7,99
5043,7,999
5044,4,99
5045,4,99
5046,4,909
5047,10,999
5048,11,99
5050,2,909
5051,10,99
5052,6,99
5053,9,999
5054,5,99
5055,5,99
5056,4,999
5057,3,999
5058,5,999
5059,6,999
5061,11,999
5062,7,99
5063,8,999
5064,3,99
5065,3,99
5066,7,99
5067,9,99
5068,8,99
5069,6,909
5070,11,99
5072,6,99
5073,6,909
5074,3,99
5075,3,99
5076,7,99
5077,12,99
5078,5,909
5079,8,999
5080,5,999
5081,6,999
5082,2,5445
5083,6,999
5084,5,99
5085,5,99
5086,7,99
5087,3,909
5088,12,999
5089,9,999
5090,8,99
5091,6,909
5092,6,99
5094,4,99
5095,4,99
5096,4,909
5097,7,99
5098,7,999
5099,7,999
5100,6,99
5101,4,909
5102,10,999
5103,11,99
5105,6,9
5106,1,909
5107,8,99
5108,9,99
5109,7,99
5110,2,999
5111,4,999
5112,3,999
5113,5,999
5114,1,999
5115,0,5115
5116,1,999
5117,5,999
5118,3,999
5119,4,999
5120,5,99
5121,7,99
5122,9,99
5123,8,99
5124,1,909
5125,6,9
5127,11,99
5128,10,999
5129,4,909
5130,4,99
5131,7,99
5132,12,99
5133,5,909
5134,2,99
5135,2,99
5136,11,999
5138,7,909
5139,10,99
5140,6,99
5141,7,99
5142,3,909
5143,12,999
5144,6,99
5145,6,99
5146,10,99
5147,7,909
5149,11,999
5150,7,99
5151,4,909
5152,7,99
5153,7,999
5154,4,99
5155,4,99
5156,4,909
5157,10,999
5158,11,99
5160,2,909
5161,10,99
5162,6,99
5163,9,999
5164,5,99
5165,5,99
5166,4,999
5167,3,999
5168,5,999
5169,6,999
5171,11,999
5172,7,99
5173,8,999
5174,3,99
5175,3,99
5176,7,99
5177,9,99
5178,8,99
5179,6,909
5180,11,99
5182,6,99
5183,6,909
5184,3,99
5185,3,99
5186,7,99
5187,12,99
5188,5,909
5189,8,999
5190,5,999
5191,6,999
5192,2,5445
5193,6,999
5194,5,99
5195,5,99
5196,7,99
5197,3,909
5198,12,999
5199,9,999
5200,4,99
5201,10,99
5202,7,909
5204,11,999
5205,2,99
5206,2,99
5207,5,909
5208,12,99
5209,7,99
5210,6,99
5211,4,909
5212,10,999
5213,11,99
5215,6,9
5216,1,909
5217,8,99
5218,9,99
5219,7,99
5220,2,999
5221,4,999
5222,3,999
5223,5,999
5224,1,999
5225,0,5225
5226,1,999
5227,5,999
5228,3,999
5229,4,999
5230,5,99
5231,7,99
5232,9,99
5233,8,99
5234,1,909
5235,6,9
5237,11,99
5238,10,999
5239,4,909
5240,4,99
5241,7,99
5242,12,99
5243,5,909
5244,2,99
5245,2,99
5246,11,999
5248,7,909
5249,10,99
5250,6,99
5251,7,99
5252,3,909
5253,12,999
5254,6,99
5255,6,99
5256,10,99
5257,7,909
5259,11,999
5260,7,99
5261,4,909
5262,7,99
5263,7,999
5264,4,99
5265,4,99
5266,4,909
5267,10,999
5268,11,99
5270,2,909
5271,10,99
5272,6,99
5273,9,999
5274,5,99
5275,5,99
5276,4,999
5277,3,999
5278,5,999
5279,6,999
5281,11,999
5282,7,99
5283,8,999
5284,3,99
5285,3,99
5286,7,99
5287,9,99
5288,8,99
5289,6,909
5290,11,99
5292,6,99
5293,6,909
5294,3,99
5295,3,99
5296,7,99
5297,12,99
5298,5,909
5299,8,999
5300,5,99
5301,11,999
5303,7,909
5304,10,99
5305,6,99
5306,6,99
5307,12,999
5308,3,909
5309,7,99
5310,4,99
5311,10,99
5312,7,909
5314,11,999
5315,2,99
5316,2,99
5317,5,909
5318,12,99
5319,7,99
5320,6,99
5321,4,909
5322,10,999
5323,11,99
5325,6,9
5326,1,909
5327,8,99
5328,9,99
5329,7,99
5330,2,999
5331,4,999
5332,3,999
5333,5,999
5334,1,999
5335,0,5335
5336,1,999
5337,5,999
5338,3,999
5339,4,999
5340,5,99
5341,7,99
5342,9,99
5343,8,99
5344,1,909
5345,6,9
5347,11,99
5348,10,999
5349,4,909
5350,4,99
5351,7,99
5352,12,99
5353,5,909
5354,2,99
5355,2,99
5356,11,999
5358,7,909
5359,10,99
5360,6,99
5361,7,99
5362,3,909
5363,12,999
5364,6,99
5365,6,99
5366,10,99
5367,7,909
5369,11,999
5370,7,99
5371,4,909
5372,7,99
5373,7,999
5374,4,99
5375,4,99
5376,4,909
5377,10,999
5378,11,99
5380,2,909
5381,10,99
5382,6,99
5383,9,999
5384,5,99
5385,5,99
5386,4,999
5387,3,999
5388,5,999
5389,6,999
5391,11,999
5392,7,99
5393,8,999
5394,3,99
5395,3,99
5396,7,99
5397,9,99
5398,8,99
5399,6,909
5400,3,99
5402,11,99
5403,10,999
5404,4,909
5405,4,99
5406,4,99
5407,7,999
5408,7,99
5409,4,909
5410,5,99
5411,11,999
5413,7,909
5414,10,99
5415,6,99
5416,6,99
5417,12,999
5418,3,909
5419,7,99
5420,4,99
5421,10,99
5422,7,909
5424,11,999
5425,2,99
5426,2,99
5427,5,909
5428,12,99
5429,7,99
5430,6,99
5431,4,909
5432,10,999
5433,11,99
5435,6,9
5436,1,909
5437,8,99
5438,9,99
5439,7,99
5440,2,999
5441,4,999
5442,3,999
5443,5,999
5444,1,999
5445,0,5445
5446,1,999
5447,5,999
5448,3,999
5449,4,999
5450,5,99
5451,7,99
5452,9,99
5453,8,99
5454,1,909
5455,6,9
5457,11,99
5458,10,999
5459,4,909
5460,4,99
5461,7,99
5462,12,99
5463,5,909
5464,2,99
5465,2,99
5466,11,999
5468,7,909
5469,10,99
5470,6,99
5471,7,99
5472,3,909
5473,12,999
5474,6,99
5475,6,99
5476,10,99
5477,7,909
5479,11,999
5480,7,99
5481,4,909
5482,7,99
5483,7,999
5484,4,99
5485,4,99
5486,4,909
5487,10,999
5488,11,99
5490,2,909
5491,10,99
5492,6,99
5493,9,999
5494,5,99
5495,5,99
5496,4,999
5497,3,999
5498,5,999
5499,6,999
5500,1,5445
5501,6,999
5502,5,999
5503,3,999
5504,4,999
5505,5,99
5506,5,99
5507,9,999
5508,6,99
5509,10,99
5510,3,99
5512,11,99
5513,10,999
5514,4,909
5515,4,99
5516,4,99
5517,7,999
5518,7,99
5519,4,909
5520,5,99
5521,11,999
5523,7,909
5524,10,99
5525,6,99
5526,6,99
5527,12,999
5528,3,909
5529,7,99
5530,4,99
5531,10,99
5532,7,909
5534,11,999
5535,2,99
5536,2,99
5537,5,909
5538,12,99
5539,7,99
5540,6,99
5541,4,909
5542,10,999
5543,11,99
5545,6,9
5546,1,909
5547,8,99
5548,9,99
5549,7,99
5550,2,999
5551,4,999
5552,3,999
5553,5,999
5554,1,999
5555,0,5555
5556,1,999
5557,5,999
5558,3,999
5559,4,999
5560,5,99
5561,7,99
5562,9,99
5563,8,99
5564,1,909
5565,6,9
5567,11,99
5568,10,999
5569,4,909
5570,4,99
5571,7,99
5572,12,99
5573,5,909
5574,2,99
5575,2,99
5576,11,999
5578,7,909
5579,10,99
5580,6,99
5581,7,99
5582,3,909
5583,12,999
5584,6,99
5585,6,99
5586,10,99
5587,7,909
5589,11,999
5590,7,99
5591,4,909
5592,7,99
5593,7,999
5594,4,99
5595,4,99
5596,4,909
5597,10,999
5598,11,99
5600,3,99
5601,6,909
5602,8,99
5603,9,99
5604,7,99
5605,3,99
5606,3,99
5607,8,999
5608,7,99
5609,11,999
5610,1,5445
5611,6,999
5612,5,999
5613,3,999
5614,4,999
5615,5,99
5616,5,99
5617,9,999
5618,6,99
5619,10,99
5620,3,99
5622,11,99
5623,10,999
5624,4,909
5625,4,99
5626,4,99
5627,7,999
5628,7,99
5629,4,909
5630,5,99
5631,11,999
5633,7,909
5634,10,99
5635,6,99
5636,6,99
5637,12,999
5638,3,909
5639,7,99
5640,4,99
5641,10,99
5642,7,909
5644,11,999
5645,2,99
5646,2,99
5647,5,909
5648,12,99
5649,7,99
5650,6,99
5651,4,909
5652,10,999
5653,11,99
5655,6,9
5656,1,909
5657,8,99
5658,9,99
5659,7,99
5660,2,999
5661,4,999
5662,3,999
5663,5,999
5664,1,999
5665,0,5665
5666,1,999
5667,5,999
5668,3,999
5669,4,999
5670,5,99
5671,7,99
5672,9,99
5673,8,99
5674,1,909
5675,6,9
5677,11,99
5678,10,999
5679,4,909
5680,4,99
5681,7,99
5682,12,99
5683,5,909
5684,2,99
5685,2,99
5686,11,999
5688,7,909
5689,10,99
5690,6,99
5691,7,99
5692,3,909
5693,12,999
5694,6,99
5695,6,99
5696,10,99
5697,7,909
5699,11,999
5700,5,99
5701,8,999
5702,5,909
5703,12,99
5704,7,99
5705,3,99
5706,3,99
5707,6,909
5708,6,99
5710,3,99
5711,6,909
5712,8,99
5713,9,99
5714,7,99
5715,3,99
5716,3,99
5717,8,999
5718,7,99
5719,11,999
5720,1,5445
5721,6,999
5722,5,999
5723,3,999
5724,4,999
5725,5,99
5726,5,99
5727,9,999
5728,6,99
5729,10,99
5730,3,99
5732,11,99
5733,10,999
5734,4,909
5735,4,99
5736,4,99
5737,7,999
5738,7,99
5739,4,909
5740,5,99
5741,11,999
5743,7,909
5744,10,99
5745,6,99
5746,6,99
5747,12,999
5748,3,909
5749,7,99
5750,4,99
5751,10,99
5752,7,909
5754,11,999
5755,2,99
5756,2,99
5757,5,909
5758,12,99
5759,7,99
5760,6,99
5761,4,909
5762,10,999
5763,11,99
5765,6,9
5766,1,909
5767,8,99
5768,9,99
5769,7,99
5770,2,999
5771,4,999
5772,3,999
5773,5,999
5774,1,999
5775,0,5775
5776,1,999
5777,5,999
5778,3,999
5779,4,999
5780,5,99
5781,7,99
5782,9,99
5783,8,99
5784,1,909
5785,6,9
5787,11,99
5788,10,999
5789,4,909
5790,4,99
5791,7,99
5792,12,99
5793,5,909
5794,2,99
5795,2,99
5796,11,999
5798,7,909
5799,10,99
5800,4,99
5801,9,999
5802,12,999
5803,3,909
5804,7,99
5805,5,99
5806,5,99
5807,6,999
5808,2,5445
5809,6,999
5810,5,99
5811,8,999
5812,5,909
5813,12,99
5814,7,99
5815,3,99
5816,3,99
5817,6,909
5818,6,99
5820,3,99
5821,6,909
5822,8,99
5823,9,99
5824,7,99
5825,3,99
5826,3,99
5827,8,999
5828,7,99
5829,11,999
5830,1,5445
5831,6,999
5832,5,999
5833,3,999
5834,4,999
5835,5,99
5836,5,99
5837,9,999
5838,6,99
5839,10,99
5840,3,99
5842,11,99
5843,10,999
5844,4,909
5845,4,99
5846,4,99
5847,7,999
5848,7,99
5849,4,909
5850,5,99
5851,11,999
5853,7,909
5854,10,99
5855,6,99
5856,6,99
5857,12,999
5858,3,909
5859,7,99
5860,4,99
5861,10,99
5862,7,909
5864,11,999
5865,2,99
5866,2,99
5867,5,909
5868,12,99
5869,7,99
5870,6,99
5871,4,909
5872,10,999
5873,11,99
5875,6,9
5876,1,909
5877,8,99
5878,9,99
5879,7,99
5880,2,999
5881,4,999
5882,3,999
5883,5,999
5884,1,999
5885,0,5885
5886,1,999
5887,5,999
5888,3,999
5889,4,999
5890,5,99
5891,7,99
5892,9,99
5893,8,99
5894,1,909
5895,6,9
5897,11,99
5898,10,999
5899,4,909
5900,6,99
5901,7,999
5902,7,999
5903,7,99
5904,4,909
5905,4,99
5906,4,99
5908,6,99
5909,6,909
5910,4,99
5911,9,999
5912,12,999
5913,3,909
5914,7,99
5915,5,99
5916,5,99
5917,6,999
5918,2,5445
5919,6,999
5920,5,99
5921,8,999
5922,5,909
5923,12,99
5924,7,99
5925,3,99
5926,3,99
5927,6,909
5928,6,99
5930,3,99
5931,6,909
5932,8,99
5933,9,99
5934,7,99
5935,3,99
5936,3,99
5937,8,999
5938,7,99
5939,11,999
5940,1,5445
5941,6,999
5942,5,999
5943,3,999
5944,4,999
5945,5,99
5946,5,99
5947,9,999
5948,6,99
5949,10,99
5950,3,99
5952,11,99
5953,10,999
5954,4,909
5955,4,99
5956,4,99
5957,7,999
5958,7,99
5959,4,909
5960,5,99
5961,11,999
5963,7,909
5964,10,99
5965,6,99
5966,6,99
5967,12,999
5968,3,909
5969,7,99
5970,4,99
5971,10,99
5972,7,909
5974,11,999
5975,2,99
5976,2,99
5977,5,909
5978,12,99
5979,7,99
5980,6,99
5981,4,909
5982,10,999
5983,11,99
5985,6,9
5986,1,909
5987,8,99
5988,9,99
5989,7,99
5990,2,999
5991,4,999
5992,3,999
5993,5,999
5994,1,999
5995,0,5995
5996,1,999
5997,5,999
5998,3,999
5999,4,999
6000,2,999
6001,2,999
6002,4,999
6003,3,999
6004,5,999
6005,1,999
6006,0,6006
6007,1,999
6008,5,999
6009,3,999
6010,5,909
6011,5,99
6012,7,99
6013,9,99
6014,8,99
6015,1,909
6016,6,9
6018,11,99
6019,10,999
6020,8,99
6021,4,99
6022,7,99
6023,12,99
6024,5,909
6025,2,99
6026,2,99
6027,11,999
6029,7,909
6030,5,999
6031,6,99
6032,7,99
6033,3,909
6034,12,999
6035,6,99
6036,6,99
6037,10,99
6038,7,909
6040,11,99
6041,7,99
6042,4,909
6043,7,99
6044,7,999
6045,4,99
6046,4,99
6047,4,909
6048,10,999
6049,11,99
6051,2,909
6052,10,99
6053,6,99
6054,9,999
6055,5,99
6056,5,99
6057,4,999
6058,3,999
6059,5,999
6060,2,909
6062,11,999
6063,7,99
6064,8,999
6065,3,99
6066,3,99
6067,7,99
6068,9,99
6069,8,99
6070,7,99
6071,11,99
6073,6,99
6074,6,909
6075,3,99
6076,3,99
6077,7,99
6078,12,99
6079,5,909
6080,6,99
6081,5,999
6082,6,999
6083,2,5445
6084,6,999
6085,5,99
6086,5,99
6087,7,99
6088,3,909
6089,12,999
6090,4,99
6091,8,99
6092,6,909
6093,6,99
6095,4,99
6096,4,99
6097,4,909
6098,7,99
6099,7,999
6100,7,999
6101,6,99
6102,4,909
6103,10,999
6104,11,99
6106,6,9
6107,1,909
6108,8,99
6109,9,99
6110,2,999
6111,2,999
6112,4,999
6113,3,999
6114,5,999
6115,1,999
6116,0,6116
6117,1,999
6118,5,999
6119,3,999
6120,5,909
6121,5,99
6122,7,99
6123,9,99
6124,8,99
6125,1,909
6126,6,9
6128,11,99
6129,10,999
6130,8,99
6131,4,99
6132,7,99
6133,12,99
6134,5,909
6135,2,99
6136,2,99
6137,11,999
6139,7,909
6140,5,999
6141,6,99
6142,7,99
6143,3,909
6144,12,999
6145,6,99
6146,6,99
6147,10,99
6148,7,909
6150,11,99
6151,7,99
6152,4,909
6153,7,99
6154,7,999
6155,4,99
6156,4,99
6157,4,909
6158,10,999
6159,11,99
6161,2,909
6162,10,99
6163,6,99
6164,9,999
6165,5,99
6166,5,99
6167,4,999
6168,3,999
6169,5,999
6170,2,909
6172,11,999
6173,7,99
6174,8,999
6175,3,99
6176,3,99
6177,7,99
6178,9,99
6179,8,99
6180,7,99
6181,11,99
6183,6,99
6184,6,909
6185,3,99
6186,3,99
6187,7,99
6188,12,99
6189,5,909
6190,6,99
6191,5,999
6192,6,999
6193,2,5445
6194,6,999
6195,5,99
6196,5,99
6197,7,99
6198,3,909
6199,12,999
6200,9,999
6201,4,99
6202,10,99
6203,7,909
6205,11,999
6206,2,99
6207,2,99
6208,5,909
6209,12,99
6210,7,999
6211,6,99
6212,4,909
6213,10,999
6214,11,99
6216,6,9
6217,1,909
6218,8,99
6219,9,99
6220,2,999
6221,2,999
6222,4,999
6223,3,999
6224,5,999
6225,1,999
6226,0,6226
6227,1,999
6228,5,999
6229,3,999
6230,5,909
6231,5,99
6232,7,99
6233,9,99
6234,8,99
6235,1,909
6236,6,9
6238,11,99
6239,10,999
6240,8,99
6241,4,99
6242,7,99
6243,12,99
6244,5,909
6245,2,99
6246,2,99
6247,11,999
6249,7,909
6250,5,999
6251,6,99
6252,7,99
6253,3,909
6254,12,999
6255,6,99
6256,6,99
6257,10,99
6258,7,909
6260,11,99
6261,7,99
6262,4,909
6263,7,99
6264,7,999
6265,4,99
6266,4,99
6267,4,909
6268,10,999
6269,11,99
6271,2,909
6272,10,99
6273,6,99
6274,9,999
6275,5,99
6276,5,99
6277,4,999
6278,3,999
6279,5,999
6280,2,909
6282,11,999
6283,7,99
6284,8,999
6285,3,99
6286,3,99
6287,7,99
6288,9,99
6289,8,99
6290,7,99
6291,11,99
6293,6,99
6294,6,909
6295,3,99
6296,3,99
6297,7,99
6298,12,99
6299,5,909
6300,8,999
6301,5,99
6302,11,999
6304,7,909
6305,10,99
6306,6,99
6307,6,99
6308,12,999
6309,3,909
6310,9,999
6311,4,99
6312,10,99
6313,7,909
6315,11,999
6316,2,99
6317,2,99
6318,5,909
6319,12,99
6320,7,999
6321,6,99
6322,4,909
6323,10,999
6324,11,99
6326,6,9
6327,1,909
6328,8,99
6329,9,99
6330,2,999
6331,2,999
6332,4,999
6333,3,999
6334,5,999
6335,1,999
6336,0,6336
6337,1,999
6338,5,999
6339,3,999
6340,5,909
6341,5,99
6342,7,99
6343,9,99
6344,8,99
6345,1,909
6346,6,9
6348,11,99
6349,10,999
6350,8,99
6351,4,99
6352,7,99
6353,12,99
6354,5,909
6355,2,99
6356,2,99
6357,11,999
6359,7,909
6360,5,999
6361,6,99
6362,7,99
6363,3,909
6364,12,999
6365,6,99
6366,6,99
6367,10,99
6368,7,909
6370,11,99
6371,7,99
6372,4,909
6373,7,99
6374,7,999
6375,4,99
6376,4,99
6377,4,909
6378,10,999
6379,11,99
6381,2,909
6382,10,99
6383,6,99
6384,9,999
6385,5,99
6386,5,99
6387,4,999
6388,3,999
6389,5,999
6390,2,909
6392,11,999
6393,7,99
6394,8,999
6395,3,99
6396,3,99
6397,7,99
6398,9,99
6399,8,99
6400,6,909
6401,3,99
6403,11,99
6404,10,999
6405,4,909
6406,4,99
6407,4,99
6408,7,999
6409,7,99
6410,8,999
6411,5,99
6412,11,999
6414,7,909
6415,10,99
6416,6,99
6417,6,99
6418,12,999
6419,3,909
6420,9,999
6421,4,99
6422,10,99
6423,7,909
6425,11,999
6426,2,99
6427,2,99
6428,5,909
6429,12,99
6430,7,999
6431,6,99
6432,4,909
6433,10,999
6434,11,99
6436,6,9
6437,1,909
6438,8,99
6439,9,99
6440,2,999
6441,2,999
6442,4,999
6443,3,999
6444,5,999
6445,1,999
6446,0,6446
6447,1,999
6448,5,999
6449,3,999
6450,5,909
6451,5,99
6452,7,99
6453,9,99
6454,8,99
6455,1,909
6456,6,9
6458,11,99
6459,10,999
6460,8,99
6461,4,99
6462,7,99
6463,12,99
6464,5,909
6465,2,99
6466,2,99
6467,11,999
6469,7,909
6470,5,999
6471,6,99
6472,7,99
6473,3,909
6474,12,999
6475,6,99
6476,6,99
6477,10,99
6478,7,909
6480,11,99
6481,7,99
6482,4,909
6483,7,99
6484,7,999
6485,4,99
6486,4,99
6487,4,909
6488,10,999
6489,11,99
6491,2,909
6492,10,99
6493,6,99
6494,9,999
6495,5,99
6496,5,99
6497,4,999
6498,3,999
6499,5,999
6500,6,999
6501,1,5445
6502,6,999
6503,5,999
6504,3,999
6505,4,999
6506,5,99
6507,5,99
6508,9,999
6509,6,99
6510,6,909
6511,3,99
6513,11,99
6514,10,999
6515,4,909
6516,4,99
6517,4,99
6518,7,999
6519,7,99
6520,8,999
6521,5,99
6522,11,999
6524,7,909
6525,10,99
6526,6,99
6527,6,99
6528,12,999
6529,3,909
6530,9,999
6531,4,99
6532,10,99
6533,7,909
6535,11,999
6536,2,99
6537,2,99
6538,5,909
6539,12,99
6540,7,999
6541,6,99
6542,4,909
6543,10,999
6544,11,99
6546,6,9
6547,1,909
6548,8,99
6549,9,99
6550,2,999
6551,2,999
6552,4,999
6553,3,999
6554,5,999
6555,1,999
6556,0,6556
6557,1,999
6558,5,999
6559,3,999
6560,5,909
6561,5,99
6562,7,99
6563,9,99
6564,8,99
6565,1,909
6566,6,9
6568,11,99
6569,10,999
6570,8,99
6571,4,99
6572,7,99
6573,12,99
6574,5,909
6575,2,99
6576,2,99
6577,11,999
6579,7,909
6580,5,999
6581,6,99
6582,7,99
6583,3,909
6584,12,999
6585,6,99
6586,6,99
6587,10,99
6588,7,909
6590,11,99
6591,7,99
6592,4,909
6593,7,99
6594,7,999
6595,4,99
6596,4,99
6597,4,909
6598,10,999
6599,11,99
6601,3,99
6602,6,909
6603,8,99
6604,9,99
6605,7,99
6606,3,99
6607,3,99
6608,8,999
6609,7,99
6610,6,999
6611,1,5445
6612,6,999
6613,5,999
6614,3,999
6615,4,999
6616,5,99
6617,5,99
6618,9,999
6619,6,99
6620,6,909
6621,3,99
6623,11,99
6624,10,999
6625,4,909
6626,4,99
6627,4,99
6628,7,999
6629,7,99
6630,8,999
6631,5,99
6632,11,999
6634,7,909
6635,10,99
6636,6,99
6637,6,99
6638,12,999
6639,3,909
6640,9,999
6641,4,99
6642,10,99
6643,7,909
6645,11,999
6646,2,99
6647,2,99
6648,5,909
6649,12,99
6650,7,999
6651,6,99
6652,4,909
6653,10,999
6654,11,99
6656,6,9
6657,1,909
6658,8,99
6659,9,99
6660,2,999
6661,2,999
6662,4,999
6663,3,999
6664,5,999
6665,1,999
6666,0,6666
6667,1,999
6668,5,999
6669,3,999
6670,5,909
6671,5,99
6672,7,99
6673,9,99
6674,8,99
6675,1,909
6676,6,9
6678,11,99
6679,10,999
6680,8,99
6681,4,99
6682,7,99
6683,12,99
6684,5,909
6685,2,99
6686,2,99
6687,11,999
6689,7,909
6690,5,999
6691,6,99
6692,7,99
6693,3,909
6694,12,999
6695,6,99
6696,6,99
6697,10,99
6698,7,909
6700,11,999
6701,5,99
6702,8,999
6703,5,909
6704,12,99
6705,7,99
6706,3,99
6707,3,99
6708,6,909
6709,6,99
6711,3,99
6712,6,909
6713,8,99
6714,9,99
6715,7,99
6716,3,99
6717,3,99
6718,8,999
6719,7,99
6720,6,999
6721,1,5445
6722,6,999
6723,5,999
6724,3,999
6725,4,999
6726,5,99
6727,5,99
6728,9,999
6729,6,99
6730,6,909
6731,3,99
6733,11,99
6734,10,999
6735,4,909
6736,4,99
6737,4,99
6738,7,999
6739,7,99
6740,8,999
6741,5,99
6742,11,999
6744,7,909
6745,10,99
6746,6,99
6747,6,99
6748,12,999
6749,3,909
6750,9,999
6751,4,99
6752,10,99
6753,7,909
6755,11,999
6756,2,99
6757,2,99
6758,5,909
6759,12,99
6760,7,999
6761,6,99
6762,4,909
6763,10,999
6764,11,99
6766,6,9
6767,1,909
6768,8,99
6769,9,99
6770,2,999
6771,2,999
6772,4,999
6773,3,999
6774,5,999
6775,1,999
6776,0,6776
6777,1,999
6778,5,999
6779,3,999
6780,5,909
6781,5,99
6782,7,99
6783,9,99
6784,8,99
6785,1,909
6786,6,9
6788,11,99
6789,10,999
6790,8,99
6791,4,99
6792,7,99
6793,12,99
6794,5,909
6795,2,99
6796,2,99
6797,11,999
6799,7,909
6800,10,99
6801,4,99
6802,9,999
6803,12,999
6804,3,909
6805,7,99
6806,5,99
6807,5,99
6808,6,999
6809,2,5445
6810,11,999
6811,5,99
6812,8,999
6813,5,909
6814,12,99
6815,7,99
6816,3,99
6817,3,99
6818,6,909
6819,6,99
6821,3,99
6822,6,909
6823,8,99
6824,9,99
6825,7,99
6826,3,99
6827,3,99
6828,8,999
6829,7,99
6830,6,999
6831,1,5445
6832,6,999
6833,5,999
6834,3,999
6835,4,999
6836,5,99
6837,5,99
6838,9,999
6839,6,99
6840,6,909
6841,3,99
6843,11,99
6844,10,999
6845,4,909
6846,4,99
6847,4,99
6848,7,999
6849,7,99
6850,8,999
6851,5,99
6852,11,999
6854,7,909
6855,10,99
6856,6,99
6857,6,99
6858,12,999
6859,3,909
6860,9,999
6861,4,99
6862,10,99
6863,7,909
6865,11,999
6866,2,99
6867,2,99
6868,5,909
6869,12,99
6870,7,999
6871,6,99
6872,4,909
6873,10,999
6874,11,99
6876,6,9
6877,1,909
6878,8,99
6879,9,99
6880,2,999
6881,2,999
6882,4,999
6883,3,999
6884,5,999
6885,1,999
6886,0,6886
6887,1,999
6888,5,999
6889,3,999
6890,5,909
6891,5,99
6892,7,99
6893,9,99
6894,8,99
6895,1,909
6896,6,9
6898,11,99
6899,10,999
6900,4,909
6901,6,99
6902,7,999
6903,7,999
6904,7,99
6905,4,909
6906,4,99
6907,4,99
6909,6,99
6910,10,99
6911,4,99
6912,9,999
6913,12,999
6914,3,909
6915,7,99
6916,5,99
6917,5,99
6918,6,999
6919,2,5445
6920,11,999
6921,5,99
6922,8,999
6923,5,909
6924,12,99
6925,7,99
6926,3,99
6927,3,99
6928,6,909
6929,6,99
6931,3,99
6932,6,909
6933,8,99
6934,9,99
6935,7,99
6936,3,99
6937,3,99
6938,8,999
6939,7,99
6940,6,999
6941,1,5445
6942,6,999
6943,5,999
6944,3,999
6945,4,999
6946,5,99
6947,5,99
6948,9,999
6949,6,99
6950,6,909
6951,3,99
6953,11,99
6954,10,999
6955,4,909
6956,4,99
6957,4,99
6958,7,999
6959,7,99
6960,8,999
6961,5,99
6962,11,999
6964,7,909
6965,10,99
6966,6,99
6967,6,99
6968,12,999
6969,3,909
6970,9,999
6971,4,99
6972,10,99
6973,7,909
6975,11,999
6976,2,99
6977,2,99
6978,5,909
6979,12,99
6980,7,999
6981,6,99
6982,4,909
6983,10,999
6984,11,99
6986,6,9
6987,1,909
6988,8,99
6989,9,99
6990,2,999
6991,2,999
6992,4,999
6993,3,999
6994,5,999
6995,1,999
6996,0,6996
6997,1,999
6998,5,999
6999,3,999
7000,4,999
7001,2,999
7002,2,999
7003,4,999
7004,3,999
7005,5,999
7006,1,999
7007,0,7007
7008,1,999
7009,5,999
7010,8,999
7011,5,909
7012,5,99
7013,7,99
7014,9,99
7015,8,99
7016,1,909
7017,6,9
7019,11,99
7020,6,909
7021,8,99
7022,4,99
7023,7,99
7024,12,99
7025,5,909
7026,2,99
7027,2,99
7028,11,999
7030,6,999
7031,5,999
7032,6,99
7033,7,99
7034,3,909
7035,12,999
7036,6,99
7037,6,99
7038,10,99
7039,7,909
7041,11,99
7042,7,99
7043,4,909
7044,7,99
7045,7,999
7046,4,99
7047,4,99
7048,4,909
7049,10,999
7050,11,999
7052,2,909
7053,10,99
7054,6,99
7055,9,999
7056,5,99
7057,5,99
7058,4,999
7059,3,999
7060,10,99
7061,2,909
7063,11,999
7064,7,99
7065,8,999
7066,3,99
7067,3,99
7068,7,99
7069,9,99
7070,4,909
7071,7,99
7072,11,99
7074,6,99
7075,6,909
7076,3,99
7077,3,99
7078,7,99
7079,12,99
7080,7,99
7081,6,99
7082,5,999
7083,6,999
7084,2,5445
7085,6,999
7086,5,99
7087,5,99
7088,7,99
7089,3,909
7090,7,99
7091,4,99
7092,8,99
7093,6,909
7094,6,99
7096,4,99
7097,4,99
7098,4,909
7099,7,99
7100,7,999
7101,7,999
7102,6,99
7103,4,909
7104,10,999
7105,11,99
7107,6,9
7108,1,909
7109,8,99
7110,4,999
7111,2,999
7112,2,999
7113,4,999
7114,3,999
7115,5,999
7116,1,999
7117,0,7117
7118,1,999
7119,5,999
7120,8,999
7121,5,909
7122,5,99
7123,7,99
7124,9,99
7125,8,99
7126,1,909
7127,6,9
7129,11,99
7130,6,909
7131,8,99
7132,4,99
7133,7,99
7134,12,99
7135,5,909
7136,2,99
7137,2,99
7138,11,999
7140,6,999
7141,5,999
7142,6,99
7143,7,99
7144,3,909
7145,12,999
7146,6,99
7147,6,99
7148,10,99
7149,7,909
7151,11,99
7152,7,99
7153,4,909
7154,7,99
7155,7,999
7156,4,99
7157,4,99
7158,4,909
7159,10,999
7160,11,999
7162,2,909
7163,10,99
7164,6,99
7165,9,999
7166,5,99
7167,5,99
7168,4,999
7169,3,999
7170,10,99
7171,2,909
7173,11,999
7174,7,99
7175,8,999
7176,3,99
7177,3,99
7178,7,99
7179,9,99
7180,4,909
7181,7,99
7182,11,99
7184,6,99
7185,6,909
7186,3,99
7187,3,99
7188,7,99
7189,12,99
7190,7,99
7191,6,99
7192,5,999
7193,6,999
7194,2,5445
7195,6,999
7196,5,99
7197,5,99
7198,7,99
7199,3,909
7200,12,999
7201,9,999
7202,4,99
7203,10,99
7204,7,909
7206,11,999
7207,2,99
7208,2,99
7209,5,909
7210,7,999
7211,7,999
7212,6,99
7213,4,909
7214,10,999
7215,11,99
7217,6,9
7218,1,909
7219,8,99
7220,4,999
7221,2,999
7222,2,999
7223,4,999
7224,3,999
7225,5,999
7226,1,999
7227,0,7227
7228,1,999
7229,5,999
7230,8,999
7231,5,909
7232,5,99
7233,7,99
7234,9,99
7235,8,99
7236,1,909
7237,6,9
7239,11,99
7240,6,909
7241,8,99
7242,4,99
7243,7,99
7244,12,99
7245,5,909
7246,2,99
7247,2,99
7248,11,999
7250,6,999
7251,5,999
7252,6,99
7253,7,99
7254,3,909
7255,12,999
7256,6,99
7257,6,99
7258,10,99
7259,7,909
7261,11,99
7262,7,99
7263,4,909
7264,7,99
7265,7,999
7266,4,99
7267,4,99
7268,4,909
7269,10,999
7270,11,999
7272,2,909
7273,10,99
7274,6,99
7275,9,999
7276,5,99
7277,5,99
7278,4,999
7279,3,999
7280,10,99
7281,2,909
7283,11,999
7284,7,99
7285,8,999
7286,3,99
7287,3,99
7288,7,99
7289,9,99
7290,4,909
7291,7,99
7292,11,99
7294,6,99
7295,6,909
7296,3,99
7297,3,99
7298,7,99
7299,12,99
7300,5,909
7301,8,999
7302,5,99
7303,11,999
7305,7,909
7306,10,99
7307,6,99
7308,6,99
7309,12,999
7310,12,999
7311,9,999
7312,4,99
7313,10,99
7314,7,909
7316,11,999
7317,2,99
7318,2,99
7319,5,909
7320,7,999
7321,7,999
7322,6,99
7323,4,909
7324,10,999
7325,11,99
7327,6,9
7328,1,909
7329,8,99
7330,4,999
7331,2,999
7332,2,999
7333,4,999
7334,3,999
7335,5,999
7336,1,999
7337,0,7337
7338,1,999
7339,5,999
7340,8,999
7341,5,909
7342,5,99
7343,7,99
7344,9,99
7345,8,99
7346,1,909
7347,6,9
7349,11,99
7350,6,909
7351,8,99
7352,4,99
7353,7,99
7354,12,99
7355,5,909
7356,2,99
7357,2,99
7358,11,999
7360,6,999
7361,5,999
7362,6,99
7363,7,99
7364,3,909
7365,12,999
7366,6,99
7367,6,99
7368,10,99
7369,7,909
7371,11,99
7372,7,99
7373,4,909
7374,7,99
7375,7,999
7376,4,99
7377,4,99
7378,4,909
7379,10,999
7380,11,999
7382,2,909
7383,10,99
7384,6,99
7385,9,999
7386,5,99
7387,5,99
7388,4,999
7389,3,999
7390,10,99
7391,2,909
7393,11,999
7394,7,99
7395,8,999
7396,3,99
7397,3,99
7398,7,99
7399,9,99
7400,8,99
7401,6,909
7402,3,99
7404,11,99
7405,10,999
7406,4,909
7407,4,99
7408,4,99
7409,7,999
7410,5,909
7411,8,999
7412,5,99
7413,11,999
7415,7,909
7416,10,99
7417,6,99
7418,6,99
7419,12,999
7420,12,999
7421,9,999
7422,4,99
7423,10,99
7424,7,909
7426,11,999
7427,2,99
7428,2,99
7429,5,909
7430,7,999
7431,7,999
7432,6,99
7433,4,909
7434,10,999
7435,11,99
7437,6,9
7438,1,909
7439,8,99
7440,4,999
7441,2,999
7442,2,999
7443,4,999
7444,3,999
7445,5,999
7446,1,999
7447,0,7447
7448,1,999
7449,5,999
7450,8,999
7451,5,909
7452,5,99
7453,7,99
7454,9,99
7455,8,99
7456,1,909
7457,6,9
7459,11,99
7460,6,909
7461,8,99
7462,4,99
7463,7,99
7464,12,99
7465,5,909
7466,2,99
7467,2,99
7468,11,999
7470,6,999
7471,5,999
7472,6,99
7473,7,99
7474,3,909
7475,12,999
7476,6,99
7477,6,99
7478,10,99
7479,7,909
7481,11,99
7482,7,99
7483,4,909
7484,7,99
7485,7,999
7486,4,99
7487,4,99
7488,4,909
7489,10,999
7490,11,999
7492,2,909
7493,10,99
7494,6,99
7495,9,999
7496,5,99
7497,5,99
7498,4,999
7499,3,999
7500,5,999
7501,6,999
7502,1,5445
7503,6,999
7504,5,999
7505,3,999
7506,4,999
7507,5,99
7508,5,99
7509,9,999
7510,8,99
7511,6,909
7512,3,99
7514,11,99
7515,10,999
7516,4,909
7517,4,99
7518,4,99
7519,7,999
7520,5,909
7521,8,999
7522,5,99
7523,11,999
7525,7,909
7526,10,99
7527,6,99
7528,6,99
7529,12,999
7530,12,999
7531,9,999
7532,4,99
7533,10,99
7534,7,909
7536,11,999
7537,2,99
7538,2,99
7539,5,909
7540,7,999
7541,7,999
7542,6,99
7543,4,909
7544,10,999
7545,11,99
7547,6,9
7548,1,909
7549,8,99
7550,4,999
7551,2,999
7552,2,999
7553,4,999
7554,3,999
7555,5,999
7556,1,999
7557,0,7557
7558,1,999
7559,5,999
7560,8,999
7561,5,909
7562,5,99
7563,7,99
7564,9,99
7565,8,99
7566,1,909
7567,6,9
7569,11,99
7570,6,909
7571,8,99
7572,4,99
7573,7,99
7574,12,99
7575,5,909
7576,2,99
7577,2,99
7578,11,999
7580,6,999
7581,5,999
7582,6,99
7583,7,99
7584,3,909
7585,12,999
7586,6,99
7587,6,99
7588,10,99
7589,7,909
7591,11,99
7592,7,99
7593,4,909
7594,7,99
7595,7,999
7596,4,99
7597,4,99
7598,4,909
7599,10,999
7600,11,99
7602,3,99
7603,6,909
7604,8,99
7605,9,99
7606,7,99
7607,3,99
7608,3,99
7609,8,999
7610,5,999
7611,6,999
7612,1,5445
7613,6,999
7614,5,999
7615,3,999
7616,4,999
7617,5,99
7618,5,99
7619,9,999
7620,8,99
7621,6,909
7622,3,99
7624,11,99
7625,10,999
7626,4,909
7627,4,99
7628,4,99
7629,7,999
7630,5,909
7631,8,999
7632,5,99
7633,11,999
7635,7,909
7636,10,99
7637,6,99
7638,6,99
7639,12,999
7640,12,999
7641,9,999
7642,4,99
7643,10,99
7644,7,909
7646,11,999
7647,2,99
7648,2,99
7649,5,909
7650,7,999
7651,7,999
7652,6,99
7653,4,909
7654,10,999
7655,11,99
7657,6,9
7658,1,909
7659,8,99
7660,4,999
7661,2,999
7662,2,999
7663,4,999
7664,3,999
7665,5,999
7666,1,999
7667,0,7667
7668,1,999
7669,5,999
7670,8,999
7671,5,909
7672,5,99
7673,7,99
7674,9,99
7675,8,99
7676,1,909
7677,6,9
7679,11,99
7680,6,909
7681,8,99
7682,4,99
7683,7,99
7684,12,99
7685,5,909
7686,2,99
7687,2,99
7688,11,999
7690,6,999
7691,5,999
7692,6,99
7693,7,99
7694,3,909
7695,12,999
7696,6,99
7697,6,99
7698,10,99
7699,7,909
7701,11,999
7702,5,99
7703,8,999
7704,5,909
7705,12,99
7706,7,99
7707,3,99
7708,3,99
7709,6,909
7710,11,99
7712,3,99
7713,6,909
7714,8,99
7715,9,99
7716,7,99
7717,3,99
7718,3,99
7719,8,999
7720,5,999
7721,6,999
7722,1,5445
7723,6,999
7724,5,999
7725,3,999
7726,4,999
7727,5,99
7728,5,99
7729,9,999
7730,8,99
7731,6,909
7732,3,99
7734,11,99
7735,10,999
7736,4,909
7737,4,99
7738,4,99
7739,7,999
7740,5,909
7741,8,999
7742,5,99
7743,11,999
7745,7,909
7746,10,99
7747,6,99
7748,6,99
7749,12,999
7750,12,999
7751,9,999
7752,4,99
7753,10,99
7754,7,909
7756,11,999
7757,2,99
7758,2,99
7759,5,909
7760,7,999
7761,7,999
7762,6,99
7763,4,909
7764,10,999
7765,11,99
7767,6,9
7768,1,909
7769,8,99
7770,4,999
7771,2,999
7772,2,999
7773,4,999
7774,3,999
7775,5,999
7776,1,999
7777,0,7777
7778,1,999
7779,5,999
7780,8,999
7781,5,909
7782,5,99
7783,7,99
7784,9,99
7785,8,99
7786,1,909
7787,6,9
7789,11,99
7790,6,909
7791,8,99
7792,4,99
7793,7,99
7794,12,99
7795,5,909
7796,2,99
7797,2,99
7798,11,999
7800,7,909
7801,10,99
7802,4,99
7803,9,999
7804,12,999
7805,3,909
7806,7,99
7807,5,99
7808,5,99
7809,6,999
7811,11,999
7812,5,99
7813,8,999
7814,5,909
7815,12,99
7816,7,99
7817,3,99
7818,3,99
7819,6,909
7820,11,99
7822,3,99
7823,6,909
7824,8,99
7825,9,99
7826,7,99
7827,3,99
7828,3,99
7829,8,999
7830,5,999
7831,6,999
7832,1,5445
7833,6,999
7834,5,999
7835,3,999
7836,4,999
7837,5,99
7838,5,99
7839,9,999
7840,8,99
7841,6,909
7842,3,99
7844,11,99
7845,10,999
7846,4,909
7847,4,99
7848,4,99
7849,7,999
7850,5,909
7851,8,999
7852,5,99
7853,11,999
7855,7,909
7856,10,99
7857,6,99
7858,6,99
7859,12,999
7860,12,999
7861,9,999
7862,4,99
7863,10,99
7864,7,909
7866,11,999
7867,2,99
7868,2,99
7869,5,909
7870,7,999
7871,7,999
7872,6,99
7873,4,909
7874,10,999
7875,11,99
7877,6,9
7878,1,909
7879,8,99
7880,4,999
7881,2,999
7882,2,999
7883,4,999
7884,3,999
7885,5,999
7886,1,999
7887,0,7887
7888,1,999
7889,5,999
7890,8,999
7891,5,909
7892,5,99
7893,7,99
7894,9,99
7895,8,99
7896,1,909
7897,6,9
7899,11,99
7900,10,999
7901,4,909
7902,6,99
7903,7,999
7904,7,999
7905,7,99
7906,4,909
7907,4,99
7908,4,99
7910,7,909
7911,10,99
7912,4,99
7913,9,999
7914,12,999
7915,3,909
7916,7,99
7917,5,99
7918,5,99
7919,6,999
7921,11,999
7922,5,99
7923,8,999
7924,5,909
7925,12,99
7926,7,99
7927,3,99
7928,3,99
7929,6,909
7930,11,99
7932,3,99
7933,6,909
7934,8,99
7935,9,99
7936,7,99
7937,3,99
7938,3,99
7939,8,999
7940,5,999
7941,6,999
7942,1,5445
7943,6,999
7944,5,999
7945,3,999
7946,4,999
7947,5,99
7948,5,99
7949,9,999
7950,8,99
7951,6,909
7952,3,99
7954,11,99
7955,10,999
7956,4,909
7957,4,99
7958,4,99
7959,7,999
7960,5,909
7961,8,999
7962,5,99
7963,11,999
7965,7,909
7966,10,99
7967,6,99
7968,6,99
7969,12,999
7970,12,999
7971,9,999
7972,4,99
7973,10,99
7974,7,909
7976,11,999
7977,2,99
7978,2,99
7979,5,909
7980,7,999
7981,7,999
7982,6,99
7983,4,909
7984,10,999
7985,11,99
7987,6,9
7988,1,909
7989,8,99
7990,4,999
7991,2,999
7992,2,999
7993,4,999
7994,3,999
7995,5,999
7996,1,999
7997,0,7997
7998,1,999
7999,5,999
8000,3,999
8001,4,999
8002,2,999
8003,2,999
8004,4,999
8005,3,999
8006,5,999
8007,1,999
8008,0,8008
8009,1,999
8010,7,99
8011,8,999
8012,5,909
8013,5,99
8014,7,99
8015,9,99
8016,8,99
8017,1,909
8018,6,9
8020,6,99
8021,6,909
8022,8,99
8023,4,99
8024,7,99
8025,12,99
8026,5,909
8027,2,99
8028,2,99
8029,11,999
8030,2,5445
8031,6,999
8032,5,999
8033,6,99
8034,7,99
8035,3,909
8036,12,999
8037,6,99
8038,6,99
8039,10,99
8040,6,99
8042,11,99
8043,7,99
8044,4,909
8045,7,99
8046,7,999
8047,4,99
8048,4,99
8049,4,909
8050,7,99
8051,11,999
8053,2,909
8054,10,99
8055,6,99
8056,9,999
8057,5,99
8058,5,99
8059,4,999
8060,6,99
8061,10,99
8062,2,909
8064,11,999
8065,7,99
8066,8,999
8067,3,99
8068,3,99
8069,7,99
8070,7,99
8071,4,909
8072,7,99
8073,11,99
8075,6,99
8076,6,909
8077,3,99
8078,3,99
8079,7,99
8080,3,909
8081,7,99
8082,6,99
8083,5,999
8084,6,999
8085,2,5445
8086,6,999
8087,5,99
8088,5,99
8089,7,99
8090,12,99
8091,7,99
8092,4,99
8093,8,99
8094,6,909
8095,6,99
8097,4,99
8098,4,99
8099,4,909
8100,7,99
8101,7,999
8102,7,999
8103,6,99
8104,4,909
8105,10,999
8106,11,99
8108,6,9
8109,1,909
8110,3,999
8111,4,999
8112,2,999
8113,2,999
8114,4,999
8115,3,999
8116,5,999
8117,1,999
8118,0,8118
8119,1,999
8120,7,99
8121,8,999
8122,5,909
8123,5,99
8124,7,99
8125,9,99
8126,8,99
8127,1,909
8128,6,9
8130,6,99
8131,6,909
8132,8,99
8133,4,99
8134,7,99
8135,12,99
8136,5,909
8137,2,99
8138,2,99
8139,11,999
8140,2,5445
8141,6,999
8142,5,999
8143,6,99
8144,7,99
8145,3,909
8146,12,999
8147,6,99
8148,6,99
8149,10,99
8150,6,99
8152,11,99
8153,7,99
8154,4,909
8155,7,99
8156,7,999
8157,4,99
8158,4,99
8159,4,909
8160,7,99
8161,11,999
8163,2,909
8164,10,99
8165,6,99
8166,9,999
8167,5,99
8168,5,99
8169,4,999
8170,6,99
8171,10,99
8172,2,909
8174,11,999
8175,7,99
8176,8,999
8177,3,99
8178,3,99
8179,7,99
8180,7,99
8181,4,909
8182,7,99
8183,11,99
8185,6,99
8186,6,909
8187,3,99
8188,3,99
8189,7,99
8190,3,909
8191,7,99
8192,6,99
8193,5,999
8194,6,999
8195,2,5445
8196,6,999
8197,5,99
8198,5,99
8199,7,99
8200,3,909
8201,12,999
8202,9,999
8203,4,99
8204,10,99
8205,7,909
8207,11,999
8208,2,99
8209,2,99
8210,7,99
8211,7,999
8212,7,999
8213,6,99
8214,4,909
8215,10,999
8216,11,99
8218,6,9
8219,1,909
8220,3,999
8221,4,999
8222,2,999
8223,2,999
8224,4,999
8225,3,999
8226,5,999
8227,1,999
8228,0,8228
8229,1,999
8230,7,99
8231,8,999
8232,5,909
8233,5,99
8234,7,99
8235,9,99
8236,8,99
8237,1,909
8238,6,9
8240,6,99
8241,6,909
8242,8,99
8243,4,99
8244,7,99
8245,12,99
8246,5,909
8247,2,99
8248,2,99
8249,11,999
8250,2,5445
8251,6,999
8252,5,999
8253,6,99
8254,7,99
8255,3,909
8256,12,999
8257,6,99
8258,6,99
8259,10,99
8260,6,99
8262,11,99
8263,7,99
8264,4,909
8265,7,99
8266,7,999
8267,4,99
8268,4,99
8269,4,909
8270,7,99
8271,11,999
8273,2,909
8274,10,99
8275,6,99
8276,9,999
8277,5,99
8278,5,99
8279,4,999
8280,6,99
8281,10,99
8282,2,909
8284,11,999
8285,7,99
8286,8,999
8287,3,99
8288,3,99
8289,7,99
8290,7,99
8291,4,909
8292,7,99
8293,11,99
8295,6,99
8296,6,909
8297,3,99
8298,3,99
8299,7,99
8300,12,99
8301,5,909
8302,8,999
8303,5,99
8304,11,999
8306,7,909
8307,10,99
8308,6,99
8309,6,99
8310,3,909
8311,12,999
8312,9,999
8313,4,99
8314,10,99
8315,7,909
8317,11,999
8318,2,99
8319,2,99
8320,7,99
8321,7,999
8322,7,999
8323,6,99
8324,4,909
8325,10,999
8326,11,99
8328,6,9
8329,1,909
8330,3,999
8331,4,999
8332,2,999
8333,2,999
8334,4,999
8335,3,999
8336,5,999
8337,1,999
8338,0,8338
8339,1,999
8340,7,99
8341,8,999
8342,5,909
8343,5,99
8344,7,99
8345,9,99
8346,8,99
8347,1,909
8348,6,9
8350,6,99
8351,6,909
8352,8,99
8353,4,99
8354,7,99
8355,12,99
8356,5,909
8357,2,99
8358,2,99
8359,11,999
8360,2,5445
8361,6,999
8362,5,999
8363,6,99
8364,7,99
8365,3,909
8366,12,999
8367,6,99
8368,6,99
8369,10,99
8370,6,99
8372,11,99
8373,7,99
8374,4,909
8375,7,99
8376,7,999
8377,4,99
8378,4,99
8379,4,909
8380,7,99
8381,11,999
8383,2,909
8384,10,99
8385,6,99
8386,9,999
8387,5,99
8388,5,99
8389,4,999
8390,6,99
8391,10,99
8392,2,909
8394,11,999
8395,7,99
8396,8,999
8397,3,99
8398,3,99
8399,7,99
8400,9,99
8401,8,99
8402,6,909
8403,3,99
8405,11,99
8406,10,999
8407,4,909
8408,4,99
8409,4,99
8410,12,99
8411,5,909
8412,8,999
8413,5,99
8414,11,999
8416,7,909
8417,10,99
8418,6,99
8419,6,99
8420,3,909
8421,12,999
8422,9,999
8423,4,99
8424,10,99
8425,7,909
8427,11,999
8428,2,99
8429,2,99
8430,7,99
8431,7,999
8432,7,999
8433,6,99
8434,4,909
8435,10,999
8436,11,99
8438,6,9
8439,1,909
8440,3,999
8441,4,999
8442,2,999
8443,2,999
8444,4,999
8445,3,999
8446,5,999
8447,1,999
8448,0,8448
8449,1,999
8450,7,99
8451,8,999
8452,5,909
8453,5,99
8454,7,99
8455,9,99
8456,8,99
8457,1,909
8458,6,9
8460,6,99
8461,6,909
8462,8,99
8463,4,99
8464,7,99
8465,12,99
8466,5,909
8467,2,99
8468,2,99
8469,11,999
8470,2,5445
8471,6,999
8472,5,999
8473,6,99
8474,7,99
8475,3,909
8476,12,999
8477,6,99
8478,6,99
8479,10,99
8480,6,99
8482,11,99
8483,7,99
8484,4,909
8485,7,99
8486,7,999
8487,4,99
8488,4,99
8489,4,909
8490,7,99
8491,11,999
8493,2,909
8494,10,99
8495,6,99
8496,9,999
8497,5,99
8498,5,99
8499,4,999
8500,3,999
8501,5,999
8502,6,999
8503,1,5445
8504,6,999
8505,5,999
8506,3,999
8507,4,999
8508,5,99
8509,5,99
8510,9,99
8511,8,99
8512,6,909
8513,3,99
8515,11,99
8516,10,999
8517,4,909
8518,4,99
8519,4,99
8520,12,99
8521,5,909
8522,8,999
8523,5,99
8524,11,999
8526,7,909
8527,10,99
8528,6,99
8529,6,99
8530,3,909
8531,12,999
8532,9,999
8533,4,99
8534,10,99
8535,7,909
8537,11,999
8538,2,99
8539,2,99
8540,7,99
8541,7,999
8542,7,999
8543,6,99
8544,4,909
8545,10,999
8546,11,99
8548,6,9
8549,1,909
8550,3,999
8551,4,999
8552,2,999
8553,2,999
8554,4,999
8555,3,999
8556,5,999
8557,1,999
8558,0,8558
8559,1,999
8560,7,99
8561,8,999
8562,5,909
8563,5,99
8564,7,99
8565,9,99
8566,8,99
8567,1,909
8568,6,9
8570,6,99
8571,6,909
8572,8,99
8573,4,99
8574,7,99
8575,12,99
8576,5,909
8577,2,99
8578,2,99
8579,11,999
8580,2,5445
8581,6,999
8582,5,999
8583,6,99
8584,7,99
8585,3,909
8586,12,999
8587,6,99
8588,6,99
8589,10,99
8590,6,99
8592,11,99
8593,7,99
8594,4,909
8595,7,99
8596,7,999
8597,4,99
8598,4,99
8599,4,909
8600,10,999
8601,11,99
8603,3,99
8604,6,909
8605,8,99
8606,9,99
8607,7,99
8608,3,99
8609,3,99
8610,3,999
8611,5,999
8612,6,999
8613,1,5445
8614,6,999
8615,5,999
8616,3,999
8617,4,999
8618,5,99
8619,5,99
8620,9,99
8621,8,99
8622,6,909
8623,3,99
8625,11,99
8626,10,999
8627,4,909
8628,4,99
8629,4,99
8630,12,99
8631,5,909
8632,8,999
8633,5,99
8634,11,999
8636,7,909
8637,10,99
8638,6,99
8639,6,99
8640,3,909
8641,12,999
8642,9,999
8643,4,99
8644,10,99
8645,7,909
8647,11,999
8648,2,99
8649,2,99
8650,7,99
8651,7,999
8652,7,999
8653,6,99
8654,4,909
8655,10,999
8656,11,99
8658,6,9
8659,1,909
8660,3,999
8661,4,999
8662,2,999
8663,2,999
8664,4,999
8665,3,999
8666,5,999
8667,1,999
8668,0,8668
8669,1,999
8670,7,99
8671,8,999
8672,5,909
8673,5,99
8674,7,99
8675,9,99
8676,8,99
8677,1,909
8678,6,9
8680,6,99
8681,6,909
8682,8,99
8683,4,99
8684,7,99
8685,12,99
8686,5,909
8687,2,99
8688,2,99
8689,11,999
8690,2,5445
8691,6,999
8692,5,999
8693,6,99
8694,7,99
8695,3,909
8696,12,999
8697,6,99
8698,6,99
8699,10,99
8700,7,909
8702,11,999
8703,5,99
8704,8,999
8705,5,909
8706,12,99
8707,7,99
8708,3,99
8709,3,99
8710,10,999
8711,11,99
8713,3,99
8714,6,909
8715,8,99
8716,9,99
8717,7,99
8718,3,99
8719,3,99
8720,3,999
8721,5,999
8722,6,999
8723,1,5445
8724,6,999
8725,5,999
8726,3,999
8727,4,999
8728,5,99
8729,5,99
8730,9,99
8731,8,99
8732,6,909
8733,3,99
8735,11,99
8736,10,999
8737,4,909
8738,4,99
8739,4,99
8740,12,99
8741,5,909
8742,8,999
8743,5,99
8744,11,999
8746,7,909
8747,10,99
8748,6,99
8749,6,99
8750,3,909
8751,12,999
8752,9,999
8753,4,99
8754,10,99
8755,7,909
8757,11,999
8758,2,99
8759,2,99
8760,7,99
8761,7,999
8762,7,999
8763,6,99
8764,4,909
8765,10,999
8766,11,99
8768,6,9
8769,1,909
8770,3,999
8771,4,999
8772,2,999
8773,2,999
8774,4,999
8775,3,999
8776,5,999
8777,1,999
8778,0,8778
8779,1,999
8780,7,99
8781,8,999
8782,5,909
8783,5,99
8784,7,99
8785,9,99
8786,8,99
8787,1,909
8788,6,9
8790,6,99
8791,6,909
8792,8,99
8793,4,99
8794,7,99
8795,12,99
8796,5,909
8797,2,99
8798,2,99
8799,11,999
8801,7,909
8802,10,99
8803,4,99
8804,9,999
8805,12,999
8806,3,909
8807,7,99
8808,5,99
8809,5,99
8810,7,909
8812,11,999
8813,5,99
8814,8,999
8815,5,909
8816,12,99
8817,7,99
8818,3,99
8819,3,99
8820,10,999
8821,11,99
8823,3,99
8824,6,909
8825,8,99
8826,9,99
8827,7,99
8828,3,99
8829,3,99
8830,3,999
8831,5,999
8832,6,999
8833,1,5445
8834,6,999
8835,5,999
8836,3,999
8837,4,999
8838,5,99
8839,5,99
8840,9,99
8841,8,99
8842,6,909
8843,3,99
8845,11,99
8846,10,999
8847,4,909
8848,4,99
8849,4,99
8850,12,99
8851,5,909
8852,8,999
8853,5,99
8854,11,999
8856,7,909
8857,10,99
8858,6,99
8859,6,99
8860,3,909
8861,12,999
8862,9,999
8863,4,99
8864,10,99
8865,7,909
8867,11,999
8868,2,99
8869,2,99
8870,7,99
8871,7,999
8872,7,999
8873,6,99
8874,4,909
8875,10,999
8876,11,99
8878,6,9
8879,1,909
8880,3,999
8881,4,999
8882,2,999
8883,2,999
8884,4,999
8885,3,999
8886,5,999
8887,1,999
8888,0,8888
8889,1,999
8890,7,99
8891,8,999
8892,5,909
8893,5,99
8894,7,99
8895,9,99
8896,8,99
8897,1,909
8898,6,9
8900,11,99
8901,10,999
8902,4,909
8903,6,99
8904,7,999
8905,7,999
8906,7,99
8907,4,909
8908,4,99
8909,4,99
8911,7,909
8912,10,99
8913,4,99
8914,9,999
8915,12,999
8916,3,909
8917,7,99
8918,5,99
8919,5,99
8920,7,909
8922,11,999
8923,5,99
8924,8,999
8925,5,909
8926,12,99
8927,7,99
8928,3,99
8929,3,99
8930,10,999
8931,11,99
8933,3,99
8934,6,909
8935,8,99
8936,9,99
8937,7,99
8938,3,99
8939,3,99
8940,3,999
8941,5,999
8942,6,999
8943,1,5445
8944,6,999
8945,5,999
8946,3,999
8947,4,999
8948,5,99
8949,5,99
8950,9,99
8951,8,99
8952,6,909
8953,3,99
8955,11,99
8956,10,999
8957,4,909
8958,4,99
8959,4,99
8960,12,99
8961,5,909
8962,8,999
8963,5,99
8964,11,999
8966,7,909
8967,10,99
8968,6,99
8969,6,99
8970,3,909
8971,12,999
8972,9,999
8973,4,99
8974,10,99
8975,7,909
8977,11,999
8978,2,99
8979,2,99
8980,7,99
8981,7,999
8982,7,999
8983,6,99
8984,4,909
8985,10,999
8986,11,99
8988,6,9
8989,1,909
8990,3,999
8991,4,999
8992,2,999
8993,2,999
8994,4,999
8995,3,999
8996,5,999
8997,1,999
8998,0,8998
8999,1,999
9000,5,999
9001,3,999
9002,4,999
9003,2,999
9004,2,999
9005,4,999
9006,3,999
9007,5,999
9008,1,999
9009,0,9009
9010,11,999
9011,7,99
9012,8,999
9013,5,909
9014,5,99
9015,7,99
9016,9,99
9017,8,99
9018,1,909
9019,6,9
9021,6,99
9022,6,909
9023,8,99
9024,4,99
9025,7,99
9026,12,99
9027,5,909
9028,2,99
9029,2,99
9030,6,999
9031,2,5445
9032,6,999
9033,5,999
9034,6,99
9035,7,99
9036,3,909
9037,12,999
9038,6,99
9039,6,99
9040,6,909
9041,6,99
9043,11,99
9044,7,99
9045,4,909
9046,7,99
9047,7,999
9048,4,99
9049,4,99
9050,8,999
9051,7,99
9052,11,999
9054,2,909
9055,10,99
9056,6,99
9057,9,999
9058,5,99
9059,5,99
9060,9,999
9061,6,99
9062,10,99
9063,2,909
9065,11,999
9066,7,99
9067,8,999
9068,3,99
9069,3,99
9070,7,999
9071,7,99
9072,4,909
9073,7,99
9074,11,99
9076,6,99
9077,6,909
9078,3,99
9079,3,99
9080,12,999
9081,3,909
9082,7,99
9083,6,99
9084,5,999
9085,6,999
9086,2,5445
9087,6,999
9088,5,99
9089,5,99
9090,5,909
9091,12,99
9092,7,99
9093,4,99
9094,8,99
9095,6,909
9096,6,99
9098,4,99
9099,4,99
9100,4,909
9101,7,99
9102,7,999
9103,7,999
9104,6,99
9105,4,909
9106,10,999
9107,11,99
9109,6,9
9110,5,999
9111,3,999
9112,4,999
9113,2,999
9114,2,999
9115,4,999
9116,3,999
9117,5,999
9118,1,999
9119,0,9119
9120,11,999
9121,7,99
9122,8,999
9123,5,909
9124,5,99
9125,7,99
9126,9,99
9127,8,99
9128,1,909
9129,6,9
9131,6,99
9132,6,909
9133,8,99
9134,4,99
9135,7,99
9136,12,99
9137,5,909
9138,2,99
9139,2,99
9140,6,999
9141,2,5445
9142,6,999
9143,5,999
9144,6,99
9145,7,99
9146,3,909
9147,12,999
9148,6,99
9149,6,99
9150,6,909
9151,6,99
9153,11,99
9154,7,99
9155,4,909
9156,7,99
9157,7,999
9158,4,99
9159,4,99
9160,8,999
9161,7,99
9162,11,999
9164,2,909
9165,10,99
9166,6,99
9167,9,999
9168,5,99
9169,5,99
9170,9,999
9171,6,99
9172,10,99
9173,2,909
9175,11,999
9176,7,99
9177,8,999
9178,3,99
9179,3,99
9180,7,999
9181,7,99
9182,4,909
9183,7,99
9184,11,99
9186,6,99
9187,6,909
9188,3,99
9189,3,99
9190,12,999
9191,3,909
9192,7,99
9193,6,99
9194,5,999
9195,6,999
9196,2,5445
9197,6,999
9198,5,99
9199,5,99
9200,7,99
9201,3,909
9202,12,999
9203,9,999
9204,4,99
9205,10,99
9206,7,909
9208,11,999
9209,2,99
9210,4,909
9211,7,99
9212,7,999
9213,7,999
9214,6,99
9215,4,909
9216,10,999
9217,11,99
9219,6,9
9220,5,999
9221,3,999
9222,4,999
9223,2,999
9224,2,999
9225,4,999
9226,3,999
9227,5,999
9228,1,999
9229,0,9229
9230,11,999
9231,7,99
9232,8,999
9233,5,909
9234,5,99
9235,7,99
9236,9,99
9237,8,99
9238,1,909
9239,6,9
9241,6,99
9242,6,909
9243,8,99
9244,4,99
9245,7,99
9246,12,99
9247,5,909
9248,2,99
9249,2,99
9250,6,999
9251,2,5445
9252,6,999
9253,5,999
9254,6,99
9255,7,99
9256,3,909
9257,12,999
9258,6,99
9259,6,99
9260,6,909
9261,6,99
9263,11,99
9264,7,99
9265,4,909
9266,7,99
9267,7,999
9268,4,99
9269,4,99
9270,8,999
9271,7,99
9272,11,999
9274,2,909
9275,10,99
9276,6,99
9277,9,999
9278,5,99
9279,5,99
9280,9,999
9281,6,99
9282,10,99
9283,2,909
9285,11,999
9286,7,99
9287,8,999
9288,3,99
9289,3,99
9290,7,999
9291,7,99
9292,4,909
9293,7,99
9294,11,99
9296,6,99
9297,6,909
9298,3,99
9299,3,99
9300,7,99
9301,12,99
9302,5,909
9303,8,999
9304,5,99
9305,11,999
9307,7,909
9308,10,99
9309,6,99
9310,7,99
9311,3,909
9312,12,999
9313,9,999
9314,4,99
9315,10,99
9316,7,909
9318,11,999
9319,2,99
9320,4,909
9321,7,99
9322,7,999
9323,7,999
9324,6,99
9325,4,909
9326,10,999
9327,11,99
9329,6,9
9330,5,999
9331,3,999
9332,4,999
9333,2,999
9334,2,999
9335,4,999
9336,3,999
9337,5,999
9338,1,999
9339,0,9339
9340,11,999
9341,7,99
9342,8,999
9343,5,909
9344,5,99
9345,7,99
9346,9,99
9347,8,99
9348,1,909
9349,6,9
9351,6,99
9352,6,909
9353,8,99
9354,4,99
9355,7,99
9356,12,99
9357,5,909
9358,2,99
9359,2,99
9360,6,999
9361,2,5445
9362,6,999
9363,5,999
9364,6,99
9365,7,99
9366,3,909
9367,12,999
9368,6,99
9369,6,99
9370,6,909
9371,6,99
9373,11,99
9374,7,99
9375,4,909
9376,7,99
9377,7,999
9378,4,99
9379,4,99
9380,8,999
9381,7,99
9382,11,999
9384,2,909
9385,10,99
9386,6,99
9387,9,999
9388,5,99
9389,5,99
9390,9,999
9391,6,99
9392,10,99
9393,2,909
9395,11,999
9396,7,99
9397,8,999
9398,3,99
9399,3,99
9400,7,99
9401,9,99
9402,8,99
9403,6,909
9404,3,99
9406,11,99
9407,10,999
9408,4,909
9409,4,99
9410,7,99
9411,12,99
9412,5,909
9413,8,999
9414,5,99
9415,11,999
9417,7,909
9418,10,99
9419,6,99
9420,7,99
9421,3,909
9422,12,999
9423,9,999
9424,4,99
9425,10,99
9426,7,909
9428,11,999
9429,2,99
9430,4,909
9431,7,99
9432,7,999
9433,7,999
9434,6,99
9435,4,909
9436,10,999
9437,11,99
9439,6,9
9440,5,999
9441,3,999
9442,4,999
9443,2,999
9444,2,999
9445,4,999
9446,3,999
9447,5,999
9448,1,999
9449,0,9449
9450,11,999
9451,7,99
9452,8,999
9453,5,909
9454,5,99
9455,7,99
9456,9,99
9457,8,99
9458,1,909
9459,6,9
9461,6,99
9462,6,909
9463,8,99
9464,4,99
9465,7,99
9466,12,99
9467,5,909
9468,2,99
9469,2,99
9470,6,999
9471,2,5445
9472,6,999
9473,5,999
9474,6,99
9475,7,99
9476,3,909
9477,12,999
9478,6,99
9479,6,99
9480,6,909
9481,6,99
9483,11,99
9484,7,99
9485,4,909
9486,7,99
9487,7,999
9488,4,99
9489,4,99
9490,8,999
9491,7,99
9492,11,999
9494,2,909
9495,10,99
9496,6,99
9497,9,999
9498,5,99
9499,5,99
9500,4,999
9501,3,999
9502,5,999
9503,6,999
9504,1,5445
9505,6,999
9506,5,999
9507,3,999
9508,4,999
9509,5,99
9510,7,99
9511,9,99
9512,8,99
9513,6,909
9514,3,99
9516,11,99
9517,10,999
9518,4,909
9519,4,99
9520,7,99
9521,12,99
9522,5,909
9523,8,999
9524,5,99
9525,11,999
9527,7,909
9528,10,99
9529,6,99
9530,7,99
9531,3,909
9532,12,999
9533,9,999
9534,4,99
9535,10,99
9536,7,909
9538,11,999
9539,2,99
9540,4,909
9541,7,99
9542,7,999
9543,7,999
9544,6,99
9545,4,909
9546,10,999
9547,11,99
9549,6,9
9550,5,999
9551,3,999
9552,4,999
9553,2,999
9554,2,999
9555,4,999
9556,3,999
9557,5,999
9558,1,999
9559,0,9559
9560,11,999
9561,7,99
9562,8,999
9563,5,909
9564,5,99
9565,7,99
9566,9,99
9567,8,99
9568,1,909
9569,6,9
9571,6,99
9572,6,909
9573,8,99
9574,4,99
9575,7,99
9576,12,99
9577,5,909
9578,2,99
9579,2,99
9580,6,999
9581,2,5445
9582,6,999
9583,5,999
9584,6,99
9585,7,99
9586,3,909
9587,12,999
9588,6,99
9589,6,99
9590,6,909
9591,6,99
9593,11,99
9594,7,99
9595,4,909
9596,7,99
9597,7,999
9598,4,99
9599,4,99
9600,4,909
9601,10,999
9602,11,99
9604,3,99
9605,6,909
9606,8,99
9607,9,99
9608,7,99
9609,3,99
9610,4,999
9611,3,999
9612,5,999
9613,6,999
9614,1,5445
9615,6,999
9616,5,999
9617,3,999
9618,4,999
9619,5,99
9620,7,99
9621,9,99
9622,8,99
9623,6,909
9624,3,99
9626,11,99
9627,10,999
9628,4,909
9629,4,99
9630,7,99
9631,12,99
9632,5,909
9633,8,999
9634,5,99
9635,11,999
9637,7,909
9638,10,99
9639,6,99
9640,7,99
9641,3,909
9642,12,999
9643,9,999
9644,4,99
9645,10,99
9646,7,909
9648,11,999
9649,2,99
9650,4,909
9651,7,99
9652,7,999
9653,7,999
9654,6,99
9655,4,909
9656,10,999
9657,11,99
9659,6,9
9660,5,999
9661,3,999
9662,4,999
9663,2,999
9664,2,999
9665,4,999
9666,3,999
9667,5,999
9668,1,999
9669,0,9669
9670,11,999
9671,7,99
9672,8,999
9673,5,909
9674,5,99
9675,7,99
9676,9,99
9677,8,99
9678,1,909
9679,6,9
9681,6,99
9682,6,909
9683,8,99
9684,4,99
9685,7,99
9686,12,99
9687,5,909
9688,2,99
9689,2,99
9690,6,999
9691,2,5445
9692,6,999
9693,5,999
9694,6,99
9695,7,99
9696,3,909
9697,12,999
9698,6,99
9699,6,99
9700,10,99
9701,7,909
9703,11,999
9704,5,99
9705,8,999
9706,5,909
9707,12,99
9708,7,99
9709,3,99
9710,4,909
9711,10,999
9712,11,99
9714,3,99
9715,6,909
9716,8,99
9717,9,99
9718,7,99
9719,3,99
9720,4,999
9721,3,999
9722,5,999
9723,6,999
9724,1,5445
9725,6,999
9726,5,999
9727,3,999
9728,4,999
9729,5,99
9730,7,99
9731,9,99
9732,8,99
9733,6,909
9734,3,99
9736,11,99
9737,10,999
9738,4,909
9739,4,99
9740,7,99
9741,12,99
9742,5,909
9743,8,999
9744,5,99
9745,11,999
9747,7,909
9748,10,99
9749,6,99
9750,7,99
9751,3,909
9752,12,999
9753,9,999
9754,4,99
9755,10,99
9756,7,909
9758,11,999
9759,2,99
9760,4,909
9761,7,99
9762,7,999
9763,7,999
9764,6,99
9765,4,909
9766,10,999
9767,11,99
9769,6,9
9770,5,999
9771,3,999
9772,4,999
9773,2,999
9774,2,999
9775,4,999
9776,3,999
9777,5,999
9778,1,999
9779,0,9779
9780,11,999
9781,7,99
9782,8,999
9783,5,909
9784,5,99
9785,7,99
9786,9,99
9787,8,99
9788,1,909
9789,6,9
9791,6,99
9792,6,909
9793,8,99
9794,4,99
9795,7,99
9796,12,99
9797,5,909
9798,2,99
9799,2,99
9800,11,999
9802,7,909
9803,10,99
9804,4,99
9805,9,999
9806,12,999
9807,3,909
9808,7,99
9809,5,99
9810,10,99
9811,7,909
9813,11,999
9814,5,99
9815,8,999
9816,5,909
9817,12,99
9818,7,99
9819,3,99
9820,4,909
9821,10,999
9822,11,99
9824,3,99
9825,6,909
9826,8,99
9827,9,99
9828,7,99
9829,3,99
9830,4,999
9831,3,999
9832,5,999
9833,6,999
9834,1,5445
9835,6,999
9836,5,999
9837,3,999
9838,4,999
9839,5,99
9840,7,99
9841,9,99
9842,8,99
9843,6,909
9844,3,99
9846,11,99
9847,10,999
9848,4,909
9849,4,99
9850,7,99
9851,12,99
9852,5,909
9853,8,999
9854,5,99
9855,11,999
9857,7,909
9858,10,99
9859,6,99
9860,7,99
9861,3,909
9862,12,999
9863,9,999
9864,4,99
9865,10,99
9866,7,909
9868,11,999
9869,2,99
9870,4,909
9871,7,99
9872,7,999
9873,7,999
9874,6,99
9875,4,909
9876,10,999
9877,11,99
9879,6,9
9880,5,999
9881,3,999
9882,4,999
9883,2,999
9884,2,999
9885,4,999
9886,3,999
9887,5,999
9888,1,999
9889,0,9889
9890,11,999
9891,7,99
9892,8,999
9893,5,909
9894,5,99
9895,7,99
9896,9,99
9897,8,99
9898,1,909
9899,6,9
9901,11,99
9902,10,999
9903,4,909
9904,6,99
9905,7,999
9906,7,999
9907,7,99
9908,4,909
9909,4,99
9910,11,999
9912,7,909
9913,10,99
9914,4,99
9915,9,999
9916,12,999
9917,3,909
9918,7,99
9919,5,99
9920,10,99
9921,7,909
9923,11,999
9924,5,99
9925,8,999
9926,5,909
9927,12,99
9928,7,99
9929,3,99
9930,4,909
9931,10,999
9932,11,99
9934,3,99
9935,6,909
9936,8,99
9937,9,99
9938,7,99
9939,3,99
9940,4,999
9941,3,999
9942,5,999
9943,6,999
9944,1,5445
9945,6,999
9946,5,999
9947,3,999
9948,4,999
9949,5,99
9950,7,99
9951,9,99
9952,8,99
9953,6,909
9954,3,99
9956,11,99
9957,10,999
9958,4,909
9959,4,99
9960,7,99
9961,12,99
9962,5,909
9963,8,999
9964,5,99
9965,11,999
9967,7,909
9968,10,99
9969,6,99
9970,7,99
9971,3,909
9972,12,999
9973,9,999
9974,4,99
9975,10,99
9976,7,909
9978,11,999
9979,2,99
9980,4,909
9981,7,99
9982,7,999
9983,7,999
9984,6,99
9985,4,909
9986,10,999
9987,11,99
9989,6,9
9990,5,999
9991,3,999
9992,4,999
9993,2,999
9994,2,999
9995,4,999
9996,3,999
9997,5,999
9998,1,999
9999,0,9999